[{"Time":0,"Poses":[{"Name":"Scarf","CFrame":[0,0,0,1,0,0,0,1,0,0,0,1]},{"Name":"HumanoidRootPart","CFrame":[0,0,0,1,0,0,0,1,0,0,0,1]},{"Name":"Torso","CFrame":[0.03979574888944626,-0.2068437784910202,-0.20061731338500977,0.9708641767501831,-0.2394852489233017,0.008343713358044625,0.23911134898662568,0.9658823013305664,-0.09948471933603287,0.015766076743602754,0.0985812246799469,0.9950041174888611]},{"Name":"Head","CFrame":[8.940696716308594e-8,4.470348358154297e-8,0.016661763191223146,0.9717152118682861,0.23591208457946778,0.010735568590462208,-0.23601913452148438,0.9716957211494446,0.010123766027390957,-0.008043370209634304,-0.012371284887194634,0.9998911619186401]},{"Name":"Right Leg","CFrame":[0.19749155640602113,-0.36333298683166506,0.11922788619995117,0.5640397667884827,0.7949793934822083,-0.22330906987190247,-0.8208640813827515,0.5691800117492676,-0.047080736607313159,0.08967486023902893,0.20986172556877137,0.9736100435256958]},{"Name":"Left Arm","CFrame":[-0.015785522758960725,-0.16337460279464723,0.0038033723831176759,0.7907507419586182,-0.5991405844688416,0.12547509372234345,0.5431313514709473,0.781257688999176,0.3076438903808594,-0.2823503911495209,-0.1751202642917633,0.9431921243667603]},{"Name":"Left Leg","CFrame":[-0.4456160068511963,0.4299604892730713,-0.09762519598007202,0.8547182679176331,0.46003422141075137,-0.2404690533876419,-0.47483938932418826,0.8800628781318665,-0.004137013573199511,0.20972464978694917,0.1177201196551323,0.9706479907035828]},{"Name":"Right Arm","CFrame":[-0.21869973838329316,-0.0788007378578186,0.020768284797668458,0.9573265910148621,-0.24704498052597047,0.1499824970960617,0.2766141891479492,0.9335768222808838,-0.22785739600658418,-0.08372917026281357,0.25962114334106448,0.9620740413665772]},{"Name":"RelKnife","CFrame":[0,0,0,1,0,0,0,1,0,0,0,1]}]},{"Time":0.01666666753590107,"Poses":[{"Name":"Scarf","CFrame":[0,0,0,1,0,0,0,1,0,0,0,1]},{"Name":"HumanoidRootPart","CFrame":[0,0,0,1,0,0,0,1,0,0,0,1]},{"Name":"Torso","CFrame":[0.04452657699584961,-0.20677900314331056,-0.2254166603088379,0.9713090062141419,-0.2377055436372757,0.007408336736261845,0.23731473088264466,0.9667395949363709,-0.0953742265701294,0.015509042888879776,0.0943959429860115,0.9954140186309815]},{"Name":"Head","CFrame":[7.82310962677002e-8,-4.0978193283081057e-8,0.016661882400512697,0.9721546173095703,0.23412275314331056,0.010105562396347523,-0.23417001962661744,0.9721884727478027,0.003765686647966504,-0.008942872285842896,-0.006027324125170708,0.9999419450759888]},{"Name":"Right Leg","CFrame":[0.24198096990585328,-0.3813978433609009,0.12885403633117677,0.5257302522659302,0.8210774660110474,-0.22235019505023957,-0.8465555310249329,0.5306288003921509,-0.04215210676193237,0.08337533473968506,0.21039241552352906,0.9740552306175232]},{"Name":"Left Arm","CFrame":[-0.016936536878347398,-0.16448280215263368,0.003853321075439453,0.763409435749054,-0.6355416774749756,0.1152953952550888,0.5787362456321716,0.752290666103363,0.31483832001686098,-0.2868283987045288,-0.17362502217292787,0.9421167373657227]},{"Name":"Left Leg","CFrame":[-0.48349371552467348,0.39970219135284426,-0.09763741493225098,0.8690679669380188,0.43316540122032168,-0.23893234133720399,-0.44820281863212588,0.8938791155815125,-0.009714187122881413,0.2093687355518341,0.11553242802619934,0.9709876179695129]},{"Name":"Right Arm","CFrame":[-0.2188199758529663,-0.0784321129322052,0.020751595497131349,0.9573627710342407,-0.2469336986541748,0.14993448555469514,0.27650773525238039,0.9335671067237854,-0.22802625596523286,-0.08366648107767105,0.25976184010505679,0.9620414972305298]},{"Name":"RelKnife","CFrame":[0,0,0,1,0,0,0,1,0,0,0,1]}]},{"Time":0.03333333507180214,"Poses":[{"Name":"Scarf","CFrame":[0,0,0,1,0,0,0,1,0,0,0,1]},{"Name":"HumanoidRootPart","CFrame":[0,0,0,1,0,0,0,1,0,0,0,1]},{"Name":"Torso","CFrame":[0.0488651804625988,-0.21584606170654298,-0.25308990478515627,0.9725714921951294,-0.23251907527446748,0.00629427470266819,0.23203939199447633,0.9679697155952454,-0.09587687999010086,0.016200534999370576,0.09470763802528382,0.9953733086585999]},{"Name":"Head","CFrame":[7.82310962677002e-8,-9.313225746154786e-10,0.016662001609802247,0.9733781218528748,0.22899262607097627,0.009877791628241539,-0.2289871871471405,0.9734280705451965,-0.0016912783030420542,-0.01000258605927229,-0.0006156638264656067,0.9999498128890991]},{"Name":"Right Leg","CFrame":[0.301019549369812,-0.389201283454895,0.1395430564880371,0.4928274154663086,0.842309296131134,-0.21825692057609559,-0.8665163516998291,0.49791985750198367,-0.03500683233141899,0.07918790727853775,0.20637546479701997,0.9752633571624756]},{"Name":"Left Arm","CFrame":[-0.01786918379366398,-0.16568011045455934,0.0038695335388183595,0.7393602132797241,-0.6647796630859375,0.10683869570493698,0.6069921851158142,0.7267624139785767,0.32152265310287478,-0.2913881838321686,-0.17287090420722962,0.9408552646636963]},{"Name":"Left Leg","CFrame":[-0.5336617827415466,0.3833373188972473,-0.10307276248931885,0.8898897171020508,0.39188724756240847,-0.2334967404603958,-0.4048992991447449,0.9143210053443909,-0.008586366660892964,0.21012607216835023,0.10218355804681778,0.9723196625709534]},{"Name":"Right Arm","CFrame":[-0.2191564440727234,-0.07740065455436707,0.020705223083496095,0.9574674963951111,-0.24661272764205934,0.14979399740695954,0.27619922161102297,0.9335417151451111,-0.22850346565246583,-0.08348709344863892,0.2601577043533325,0.9619500637054443]},{"Name":"RelKnife","CFrame":[0,0,0,1,0,0,0,1,0,0,0,1]}]},{"Time":0.05000000074505806,"Poses":[{"Name":"Scarf","CFrame":[0,0,0,1,0,0,0,1,0,0,0,1]},{"Name":"HumanoidRootPart","CFrame":[0,0,0,1,0,0,0,1,0,0,0,1]},{"Name":"Torso","CFrame":[0.05280638486146927,-0.23115354776382447,-0.2815566062927246,0.9745346307754517,-0.2241804003715515,0.005036425776779652,0.22355324029922486,0.9695655107498169,-0.09983348101377487,0.01749756559729576,0.09841709583997727,0.9949914216995239]},{"Name":"Head","CFrame":[9.313225746154785e-8,-3.725290298461914e-9,0.016662120819091798,0.9752760529518127,0.22076208889484406,0.010045405477285385,-0.2207067608833313,0.9753198027610779,-0.006324140354990959,-0.011193621903657914,0.003950720652937889,0.9999296069145203]},{"Name":"Right Leg","CFrame":[0.3713933527469635,-0.3832879066467285,0.15008866786956788,0.46816450357437136,0.8580280542373657,-0.21121050417423249,-0.8801922798156738,0.4739181399345398,-0.025755394250154496,0.07799763232469559,0.19796349108219148,0.9771012663841248]},{"Name":"Left Arm","CFrame":[-0.01862068846821785,-0.16694802045822144,0.003851175308227539,0.7187531590461731,-0.6881169080734253,0.0994437038898468,0.6293506622314453,0.7047095894813538,0.32757002115249636,-0.29548540711402895,-0.1728571206331253,0.9395790696144104]},{"Name":"Left Leg","CFrame":[-0.5944629907608032,0.37682485580444338,-0.11236011981964112,0.9146386384963989,0.33610135316848757,-0.22466014325618745,-0.3455893397331238,0.9383807182312012,-0.0031082876957952978,0.2097720056772232,0.08048306405544281,0.9744322896003723]},{"Name":"Right Arm","CFrame":[-0.2196723371744156,-0.07581686973571778,0.020634055137634279,0.957634687423706,-0.24610145390033723,0.14956620335578919,0.2757047414779663,0.9335063695907593,-0.22924382984638215,-0.0832037404179573,0.2607680559158325,0.9618093967437744]},{"Name":"RelKnife","CFrame":[0,0,0,1,0,0,0,1,0,0,0,1]}]},{"Time":0.06666667014360428,"Poses":[{"Name":"Scarf","CFrame":[0,0,0,1,0,0,0,1,0,0,0,1]},{"Name":"HumanoidRootPart","CFrame":[0,0,0,1,0,0,0,1,0,0,0,1]},{"Name":"Torso","CFrame":[0.0563368983566761,-0.24981263279914857,-0.3087632656097412,0.9770589470863342,-0.2129376083612442,0.0036598520819097759,0.21211685240268708,0.9714694619178772,-0.106082484126091,0.019033517688512803,0.10442513972520828,0.9943506121635437]},{"Name":"Head","CFrame":[9.685754776000977e-8,-3.073364496231079e-8,0.01666259765625,0.9777162671089172,0.20966355502605439,0.010592445731163025,-0.2095586657524109,0.9777428507804871,-0.010205348953604699,-0.012496343813836575,0.007758178748190403,0.9998918771743774]},{"Name":"Right Leg","CFrame":[0.4495360553264618,-0.36021578311920168,0.1588670015335083,0.4547775685787201,0.86753910779953,-0.20137810707092286,-0.8869830965995789,0.46156978607177737,-0.014650329947471619,0.08024032413959503,0.18528157472610475,0.979404091835022]},{"Name":"Left Arm","CFrame":[-0.019214104861021043,-0.16826391220092774,0.003797173500061035,0.7017700672149658,-0.7063693404197693,0.09252660721540451,0.646845817565918,0.6862159371376038,0.33271366357803347,-0.29851198196411135,-0.17363816499710084,0.9384778141975403]},{"Name":"Left Leg","CFrame":[-0.662200391292572,0.3746117949485779,-0.12360471487045288,0.939971923828125,0.2667540907859802,-0.21282626688480378,-0.27204418182373049,0.962273895740509,0.00458886194974184,0.20602121949195863,0.05358472838997841,0.9770793318748474]},{"Name":"Right Arm","CFrame":[-0.22033119201660157,-0.07379066944122315,0.02054309844970703,0.9578580856323242,-0.24541905522346497,0.1492558717727661,0.27504029870033266,0.9334664940834045,-0.23020228743553163,-0.08282937109470368,0.26155251264572146,0.9616286158561707]},{"Name":"RelKnife","CFrame":[0,0,0,1,0,0,0,1,0,0,0,1]}]},{"Time":0.0833333358168602,"Poses":[{"Name":"Scarf","CFrame":[0,0,0,1,0,0,0,1,0,0,0,1]},{"Name":"HumanoidRootPart","CFrame":[0,0,0,1,0,0,0,1,0,0,0,1]},{"Name":"Torso","CFrame":[0.05943739414215088,-0.2689347267150879,-0.3326704502105713,0.9799897074699402,-0.19903627038002015,0.0021822566632181408,0.19799405336380006,0.9736140966415405,-0.11346309632062912,0.02045859955251217,0.11162474006414414,0.9935398101806641]},{"Name":"Head","CFrame":[9.685754776000977e-8,3.073364496231079e-8,0.01666247844696045,0.9805513620376587,0.1959257423877716,0.011496125720441342,-0.19576992094516755,0.9805583357810974,-0.013403741642832756,-0.013898777775466442,0.010892458260059357,0.9998441934585571]},{"Name":"Right Leg","CFrame":[0.5319182872772217,-0.31690454483032229,0.16400408744812013,0.45551207661628725,0.8699535131454468,-0.1889173984527588,-0.886092483997345,0.46350374817848208,-0.002112944144755602,0.0857258066534996,0.16836073994636537,0.9819906949996948]},{"Name":"Left Arm","CFrame":[-0.019662130624055864,-0.1696048378944397,0.003703594207763672,0.6886387467384338,-0.7200404405593872,0.08554824441671372,0.6602305769920349,0.671425998210907,0.33657515048980715,-0.2997870147228241,-0.1752973198890686,0.9377625584602356]},{"Name":"Left Leg","CFrame":[-0.7328554391860962,0.3718498945236206,-0.13464003801345826,0.9625257253646851,0.18492762744426728,-0.19835878908634187,-0.18618367612361909,0.9824358820915222,0.0124672194942832,0.19718028604984284,0.024931147694587709,0.980050265789032]},{"Name":"Right Arm","CFrame":[-0.22109635174274445,-0.07143300771713257,0.02043747901916504,0.9581316709518433,-0.2445853054523468,0.1488684117794037,0.27422213554382326,0.9334275126457214,-0.23133374750614167,-0.08237698674201966,0.2624710500240326,0.9614171385765076]},{"Name":"RelKnife","CFrame":[0,0,0,1,0,0,0,1,0,0,0,1]}]},{"Time":0.10000000149011612,"Poses":[{"Name":"Scarf","CFrame":[0,0,0,1,0,0,0,1,0,0,0,1]},{"Name":"HumanoidRootPart","CFrame":[0,0,0,1,0,0,0,1,0,0,0,1]},{"Name":"Torso","CFrame":[0.062084320932626727,-0.28562813997268679,-0.35124921798706057,0.9831642508506775,-0.1827235370874405,0.000616215169429779,0.1814582496881485,0.975948691368103,-0.12081816047430039,0.02147492952644825,0.11889589577913284,0.9926744699478149]},{"Name":"Head","CFrame":[7.82310962677002e-8,-1.7695128917694093e-8,0.016661882400512697,0.9836248755455017,0.17977795004844666,0.012728972360491753,-0.17956939339637757,0.983615517616272,-0.015986084938049318,-0.015394359827041626,0.013438669964671135,0.9997912645339966]},{"Name":"Right Leg","CFrame":[0.6138120889663696,-0.25187981128692629,0.1633303165435791,0.47256526350975039,0.8639503121376038,-0.1739879995584488,-0.8763194680213928,0.48159876465797427,0.011260387487709523,0.09352084994316101,0.1471477895975113,0.9846833944320679]},{"Name":"Left Arm","CFrame":[-0.019970493391156198,-0.17094439268112184,0.003567934036254883,0.6796132326126099,-0.7294126749038696,0.07799341529607773,0.6700643301010132,0.6605316996574402,0.3386911153793335,-0.2985628545284271,-0.17791840434074403,0.937659502029419]},{"Name":"Left Leg","CFrame":[-0.8020761609077454,0.3642258048057556,-0.14301729202270509,0.9790526628494263,0.0920499637722969,-0.1816113144159317,-0.09019140899181366,0.9957528710365295,0.01848393678665161,0.18254141509532929,-0.0017170115606859327,0.9831966757774353]},{"Name":"Right Arm","CFrame":[-0.2219313234090805,-0.06885367631912232,0.020322203636169435,0.958449125289917,-0.24361921846866609,0.14840839803218842,0.27326616644859316,0.9333949089050293,-0.2325928956270218,-0.08185949921607971,0.2634834945201874,0.9611845016479492]},{"Name":"RelKnife","CFrame":[0,0,0,1,0,0,0,1,0,0,0,1]}]},{"Time":0.11666666716337204,"Poses":[{"Name":"Scarf","CFrame":[0,0,0,1,0,0,0,1,0,0,0,1]},{"Name":"HumanoidRootPart","CFrame":[0,0,0,1,0,0,0,1,0,0,0,1]},{"Name":"Torso","CFrame":[0.06425148993730545,-0.2969927191734314,-0.3624749183654785,0.9864181280136108,-0.1642511487007141,-0.0010288874618709088,0.16279245913028718,0.9784532785415649,-0.12699545919895173,0.02186587080359459,0.12510311603546143,0.991902768611908]},{"Name":"Head","CFrame":[9.313225746154785e-8,6.426125764846802e-8,0.016662120819091798,0.9867773056030273,0.16145364940166474,0.01426023617386818,-0.16119028627872468,0.9867589473724365,-0.018017461523413659,-0.016980379819869996,0.015480617061257363,0.9997360110282898]},{"Name":"Right Leg","CFrame":[0.6894981265068054,-0.16639113426208497,0.1548781394958496,0.506764829158783,0.847712516784668,-0.15675772726535798,-0.8560410141944885,0.5163161754608154,0.02472650073468685,0.10189753025770188,0.1216605082154274,0.9873275756835938]},{"Name":"Left Arm","CFrame":[-0.02014007233083248,-0.17225512862205506,0.0033875703811645509,0.6749187111854553,-0.7346246838569641,0.06936320662498474,0.6767706274986267,0.653732419013977,0.33854910731315615,-0.29405149817466738,-0.18155021965503694,0.9383887052536011]},{"Name":"Left Leg","CFrame":[-0.8655229210853577,0.34866541624069216,-0.1463557481765747,0.9865819215774536,-0.010348385199904442,-0.16293874382972718,0.013873145915567875,0.9996934533119202,0.02050953544676304,0.16267652809619904,-0.022494792938232423,0.9864230751991272]},{"Name":"Right Arm","CFrame":[-0.222799614071846,-0.06616270542144776,0.0202023983001709,0.9588041305541992,-0.24254027009010316,0.14788112044334413,0.27218854427337649,0.9333743453025818,-0.23393522202968598,-0.08128972351551056,0.2645496129989624,0.960939884185791]},{"Name":"RelKnife","CFrame":[0,0,0,1,0,0,0,1,0,0,0,1]}]},{"Time":0.13333334028720857,"Poses":[{"Name":"Scarf","CFrame":[0,0,0,1,0,0,0,1,0,0,0,1]},{"Name":"HumanoidRootPart","CFrame":[0,0,0,1,0,0,0,1,0,0,0,1]},{"Name":"Torso","CFrame":[0.06591149419546128,-0.3001139461994171,-0.36432623863220217,0.989591658115387,-0.1438780575990677,-0.002745178760960698,0.14228612184524537,0.9811389446258545,-0.13084770739078523,0.02151951566338539,0.129095196723938,0.9913987517356873]},{"Name":"Head","CFrame":[8.568167686462403e-8,-4.6566128730773929e-9,0.0166623592376709,0.9898519515991211,0.14119265973567964,0.016057178378105165,-0.1408727914094925,0.9898344278335571,-0.01956259459257126,-0.018656035885214807,0.01710199937224388,0.9996797442436218]},{"Name":"Right Leg","CFrame":[0.7552318572998047,-0.06501531600952149,0.1379082202911377,0.5547844767570496,0.8205649256706238,-0.13743126392364503,-0.8249045610427856,0.5640190243721008,0.037618737667798999,0.10838250815868378,0.0924973413348198,0.9897967576980591]},{"Name":"Left Arm","CFrame":[-0.020169798284769059,-0.17351222038269044,0.003163933753967285,0.6746737957000732,-0.735739529132843,0.05918380618095398,0.6806725263595581,0.6511766910552979,0.3356393277645111,-0.2854822874069214,-0.18616242706775666,0.9401295185089111]},{"Name":"Left Leg","CFrame":[-0.9176183342933655,0.3162872791290283,-0.14367741346359254,0.9826471209526062,-0.11872171610593796,-0.14251255989074708,0.12274548411369324,0.992241621017456,0.019751746207475663,0.13906189799308778,-0.03690173849463463,0.989595890045166]},{"Name":"Right Arm","CFrame":[-0.2236640751361847,-0.06347125768661499,0.020082950592041017,0.9591906666755676,-0.24136780202388764,0.1472918689250946,0.2710054814815521,0.9333717226982117,-0.2353154718875885,-0.08068051189184189,0.2656291425228119,0.960693359375]},{"Name":"RelKnife","CFrame":[0,0,0,1,0,0,0,1,0,0,0,1]}]},{"Time":0.15000000596046449,"Poses":[{"Name":"Scarf","CFrame":[0,0,0,1,0,0,0,1,0,0,0,1]},{"Name":"HumanoidRootPart","CFrame":[0,0,0,1,0,0,0,1,0,0,0,1]},{"Name":"Torso","CFrame":[0.06703692674636841,-0.29662075638771059,-0.355893611907959,0.9925354719161987,-0.1218722015619278,-0.004524796735495329,0.12019916623830795,0.9838378429412842,-0.13272282481193543,0.020626887679100038,0.13118821382522584,0.9911428689956665]},{"Name":"Head","CFrame":[8.568167686462403e-8,-1.0244548320770264e-7,0.016661405563354493,0.9926974773406982,0.11926867812871933,0.018075989559292795,-0.11889132112264633,0.9926918745040894,-0.020684996619820596,-0.020410913974046708,0.01838485710322857,0.9996227025985718]},{"Name":"Right Leg","CFrame":[0.8086775541305542,0.047190845012664798,0.1128835678100586,0.6119740009307861,0.7822831273078919,-0.11627936363220215,-0.783072829246521,0.6199544668197632,0.049533113837242129,0.11083689332008362,0.060742199420928958,0.9919806718826294]},{"Name":"Left Arm","CFrame":[-0.019801713526248933,-0.17427870631217957,0.0030804872512817384,0.6877492666244507,-0.7239940166473389,0.05323208495974541,0.674352765083313,0.6642993688583374,0.32242003083229067,-0.2687923014163971,-0.18584711849689485,0.9450987577438355]},{"Name":"Left Leg","CFrame":[-0.9520812630653381,0.2601451277732849,-0.13512825965881349,0.9663942456245422,-0.22709694504737855,-0.1204541027545929,0.23093852400779725,0.9727873802185059,0.01876741461455822,0.11291417479515076,-0.04595419764518738,0.992541491985321]},{"Name":"Right Arm","CFrame":[-0.22448860108852387,-0.060890525579452518,0.01996922492980957,0.9596024751663208,-0.2401210218667984,0.14664600789546967,0.2697332799434662,0.9333930015563965,-0.23668870329856873,-0.08004440367221832,0.26668235659599306,0.9604548215866089]},{"Name":"RelKnife","CFrame":[0,0,0,1,0,0,0,1,0,0,0,1]}]},{"Time":0.1666666716337204,"Poses":[{"Name":"Scarf","CFrame":[0,0,0,1,0,0,0,1,0,0,0,1]},{"Name":"HumanoidRootPart","CFrame":[0,0,0,1,0,0,0,1,0,0,0,1]},{"Name":"Torso","CFrame":[0.06760124862194061,-0.2903764247894287,-0.3387749195098877,0.9951156973838806,-0.0985112115740776,-0.006358770187944174,0.09678035229444504,0.9862691164016724,-0.13381698727607728,0.019453927874565126,0.13254794478416444,0.9909857511520386]},{"Name":"Head","CFrame":[8.568167686462403e-8,-2.468004822731018e-8,0.016662001609802247,0.9951770901679993,0.09597912430763245,0.020266318693757058,-0.09554392099380493,0.995194137096405,-0.021449878811836244,-0.02222764864563942,0.019410138949751855,0.9995645880699158]},{"Name":"Right Leg","CFrame":[0.8466410636901856,0.16355359554290772,0.08109819889068604,0.674648642539978,0.7321812510490418,-0.09359440207481384,-0.7302382588386536,0.6805427074432373,0.060114242136478427,0.10770957171916962,0.027790173888206483,0.9937939047813416]},{"Name":"Left Arm","CFrame":[-0.018792979419231416,-0.17426612973213197,0.0032682418823242189,0.7202510833740234,-0.6915850639343262,0.054301004856824878,0.6503461599349976,0.7003949284553528,0.2941034436225891,-0.2414296418428421,-0.17651401460170747,0.9542298316955566]},{"Name":"Left Leg","CFrame":[-0.962550163269043,0.18353599309921266,-0.1208757758140564,0.939143180847168,-0.32953158020973208,-0.09705238044261933,0.33264076709747317,0.9428940415382385,0.0173500869423151,0.08579269051551819,-0.048577796667814258,0.9951280355453491]},{"Name":"Right Arm","CFrame":[-0.2252366542816162,-0.05852752923965454,0.019866108894348146,0.9600335359573364,-0.23881912231445313,0.1459488570690155,0.2683882415294647,0.933444619178772,-0.23801015317440034,-0.07939380407333374,0.2676686644554138,0.9602344632148743]},{"Name":"RelKnife","CFrame":[0,0,0,1,0,0,0,1,0,0,0,1]}]},{"Time":0.18333333730697633,"Poses":[{"Name":"Scarf","CFrame":[0,0,0,1,0,0,0,1,0,0,0,1]},{"Name":"HumanoidRootPart","CFrame":[0,0,0,1,0,0,0,1,0,0,0,1]},{"Name":"Torso","CFrame":[0.06757970154285431,-0.2818045914173126,-0.3147132396697998,0.997218132019043,-0.07408216595649719,-0.008236010558903218,0.07231114059686661,0.9883045554161072,-0.13425810635089875,0.018085816875100137,0.13328905403614045,0.9909122586250305]},{"Name":"Head","CFrame":[8.009374141693115e-8,1.5832483768463136e-8,0.01666247844696045,0.9971767067909241,0.07161343842744827,0.022585975006222726,-0.07112035155296326,0.9972267746925354,-0.02192600630223751,-0.024093501269817354,0.020257731899619104,0.9995045065879822]},{"Name":"Right Leg","CFrame":[0.8681709170341492,0.27669620513916018,0.044911980628967288,0.7384787797927856,0.6706666350364685,-0.0696810632944107,-0.6671131253242493,0.7417450547218323,0.06909752637147904,0.0980270728468895,-0.004541879519820213,0.9951733946800232]},{"Name":"Left Arm","CFrame":[-0.017124809324741365,-0.17371097207069398,0.003668665885925293,0.7671682238578796,-0.6389114260673523,0.05696482956409454,0.6077435612678528,0.7523956894874573,0.2540641725063324,-0.20518450438976289,-0.16029024124145509,0.9655084013938904]},{"Name":"Left Leg","CFrame":[-0.9435224533081055,0.09377437829971314,-0.10213756561279297,0.9044133424758911,-0.4204346537590027,-0.07260466367006302,0.4225086271762848,0.9062294960021973,0.015317623503506184,0.059356387704610828,-0.04452957957983017,0.9972432255744934]},{"Name":"Right Arm","CFrame":[-0.22587132453918458,-0.0564955472946167,0.019778013229370118,0.9604779481887817,-0.23748107254505158,0.14520634710788728,0.2669868469238281,0.9335333704948425,-0.23923514783382417,-0.0787411481142044,0.26854822039604189,0.9600425958633423]},{"Name":"RelKnife","CFrame":[0,0,0,1,0,0,0,1,0,0,0,1]}]},{"Time":0.20000000298023225,"Poses":[{"Name":"Scarf","CFrame":[0,0,0,1,0,0,0,1,0,0,0,1]},{"Name":"HumanoidRootPart","CFrame":[0,0,0,1,0,0,0,1,0,0,0,1]},{"Name":"Torso","CFrame":[0.06694979965686798,-0.2713320851325989,-0.28545069694519045,0.9987531304359436,-0.04888066276907921,-0.010142643935978413,0.04708176851272583,0.9898386001586914,-0.13417547941207887,0.016598165035247804,0.1335306614637375,0.9909057021141052]},{"Name":"Head","CFrame":[8.195638656616211e-8,3.934837877750397e-8,0.01666247844696045,0.9986069798469544,0.046469796448946,0.02499469369649887,-0.045918744057416919,0.9986988306045532,-0.02218499965965748,-0.025993110612034799,0.021006394177675248,0.999441385269165]},{"Name":"Right Leg","CFrame":[0.8746693134307861,0.3794436454772949,0.007268428802490234,0.7991378307342529,0.5994722843170166,-0.04485289379954338,-0.5955821871757507,0.7996616363525391,0.0763094499707222,0.08161259442567826,-0.03426823765039444,0.996074914932251]},{"Name":"Left Arm","CFrame":[-0.014773998409509659,-0.17288252711296082,0.004225254058837891,0.8223506212234497,-0.5662564635276794,0.055615175515413287,0.545440137386322,0.812376856803894,0.20624974370002747,-0.16197079420089723,-0.13927514851093293,0.9769176244735718]},{"Name":"Left Leg","CFrame":[-0.8921782970428467,0.0009350776672363281,-0.0811043381690979,0.8672876358032227,-0.4955443739891052,-0.04741351306438446,0.4965796172618866,0.8679007887840271,0.012529144994914532,0.03494145721197128,-0.034410975873470309,0.9987967610359192]},{"Name":"Right Arm","CFrame":[-0.22635620832443238,-0.05490398406982422,0.01971113681793213,0.9609299302101135,-0.23612602055072785,0.14442415535449983,0.26554566621780398,0.9336661100387573,-0.2403191328048706,-0.0780983418226242,0.2692809998989105,0.9598897695541382]},{"Name":"RelKnife","CFrame":[0,0,0,1,0,0,0,1,0,0,0,1]}]},{"Time":0.21666666865348817,"Poses":[{"Name":"Scarf","CFrame":[0,0,0,1,0,0,0,1,0,0,0,1]},{"Name":"HumanoidRootPart","CFrame":[0,0,0,1,0,0,0,1,0,0,0,1]},{"Name":"Torso","CFrame":[0.06569171696901322,-0.2593899369239807,-0.2527284622192383,0.9996578693389893,-0.0232091024518013,-0.012061532586812973,0.02139006368815899,0.9907910227775574,-0.13369984924793244,0.01505351159721613,0.13339611887931825,0.990948498249054]},{"Name":"Head","CFrame":[8.102506399154663e-8,2.10711732506752e-8,0.016662240028381349,0.9994055032730103,0.020853644236922265,0.02745506539940834,-0.020243918523192407,0.9995464086532593,-0.02230166085064411,-0.027907658368349077,0.021732615306973459,0.9993742108345032]},{"Name":"Right Leg","CFrame":[0.8694314956665039,0.466264545917511,-0.02896207571029663,0.8531203269958496,0.5213523507118225,-0.019430482760071756,-0.5183544754981995,0.8512580394744873,0.08166038244962692,0.059114210307598117,-0.05959426611661911,0.9964708089828491]},{"Name":"Left Arm","CFrame":[-0.011760365217924118,-0.17206114530563355,0.004861235618591309,0.8787587881088257,-0.47512122988700869,0.045198239386081699,0.4635661244392395,0.872225284576416,0.15597917139530183,-0.11353206634521485,-0.11611589044332504,0.9867256879806519]},{"Name":"Left Leg","CFrame":[-0.8094489574432373,-0.08448672294616699,-0.060471415519714358,0.8331962823867798,-0.5525481700897217,-0.021786747500300409,0.552819013595581,0.8332538604736328,0.008897851221263409,0.01323737669736147,-0.01945776864886284,0.9997231364250183]},{"Name":"Right Arm","CFrame":[-0.22665458917617799,-0.05386388301849365,0.019669771194458009,0.961383581161499,-0.23477290570735932,0.14360837638378144,0.26408132910728457,0.9338496923446655,-0.24121735990047456,-0.077477365732193,0.2698265612125397,0.9597868323326111]},{"Name":"RelKnife","CFrame":[0,0,0,1,0,0,0,1,0,0,0,1]}]},{"Time":0.23333333432674409,"Poses":[{"Name":"Scarf","CFrame":[0,0,0,1,0,0,0,1,0,0,0,1]},{"Name":"HumanoidRootPart","CFrame":[0,0,0,1,0,0,0,1,0,0,0,1]},{"Name":"Torso","CFrame":[0.06381337344646454,-0.24642547965049745,-0.21828675270080567,0.9998990297317505,0.0026257960125803949,-0.013972129672765732,-0.004460877738893032,0.9911091327667236,-0.13297738134860993,0.013498732820153237,0.13302625715732575,0.991020679473877]},{"Name":"Head","CFrame":[9.324867278337479e-8,7.04167177900672e-8,0.016662240028381349,0.9995397925376892,-0.004924854729324579,0.029933081939816476,0.005594910588115454,0.9997348189353943,-0.02234048768877983,-0.02981513924896717,0.022497668862342836,0.9993022084236145]},{"Name":"Right Leg","CFrame":[0.8565574288368225,0.5338696837425232,-0.06153315305709839,0.8982112407684326,0.4395196735858917,0.00625957828015089,-0.43841055035591128,0.8947318196296692,0.08515515178442002,0.03182676061987877,-0.07923160493373871,0.9963480830192566]},{"Name":"Left Arm","CFrame":[-0.008176395669579506,-0.17151078581809998,0.005469679832458496,0.9291889667510986,-0.3689461052417755,0.022058309987187387,0.36453238129615786,0.9246565103530884,0.11012082546949387,-0.06102503091096878,-0.09428223222494126,0.9936734437942505]},{"Name":"Left Leg","CFrame":[-0.7001655697822571,-0.1538456678390503,-0.04277080297470093,0.8065711259841919,-0.5911238789558411,0.0039664870128035549,0.5911087989807129,0.8065799474716187,0.004383970517665148,-0.005790822673588991,-0.0011913656489923597,0.9999825358390808]},{"Name":"Right Arm","CFrame":[-0.2267298847436905,-0.05348441004753113,0.019658923149108888,0.9618334770202637,-0.23344051837921143,0.14276544749736787,0.26261067390441897,0.9340916275978088,-0.24188552796840669,-0.07689014077186585,0.2701452076435089,0.9597444534301758]},{"Name":"RelKnife","CFrame":[0,0,0,1,0,0,0,1,0,0,0,1]}]},{"Time":0.25,"Poses":[{"Name":"Scarf","CFrame":[0,0,0,1,0,0,0,1,0,0,0,1]},{"Name":"HumanoidRootPart","CFrame":[0,0,0,1,0,0,0,1,0,0,0,1]},{"Name":"Torso","CFrame":[0.061374232172966,-0.2322106659412384,-0.18342137336730958,0.9994733333587647,0.028315141797065736,-0.015851929783821107,-0.030133957043290139,0.9911051392555237,-0.1296253651380539,0.012040565721690655,0.13003477454185487,0.9914364218711853]},{"Name":"Head","CFrame":[8.847564458847046e-8,8.346978574991226e-8,0.016662120819091798,0.9990060329437256,-0.030597306787967683,0.032415229827165607,0.0313292033970356,0.9992600679397583,-0.022313985973596574,-0.03170850872993469,0.02330738864839077,0.9992254376411438]},{"Name":"Right Leg","CFrame":[0.8397213220596314,0.5818594694137573,-0.08914238214492798,0.9336352348327637,0.35680368542671206,0.03187977522611618,-0.35822242498397829,0.9295831918716431,0.08690184354782105,0.0013720510760322214,-0.09255463629961014,0.9957067370414734]},{"Name":"Left Arm","CFrame":[-0.004186486825346947,-0.1714363396167755,0.005915522575378418,0.9673433899879456,-0.2530033588409424,-0.0153693538159132,0.25342869758605959,0.9643139243125916,0.07663286477327347,-0.004567508585751057,-0.07802549749612808,0.9969409704208374]},{"Name":"Left Leg","CFrame":[-0.5714475512504578,-0.20205354690551759,-0.029795527458190919,0.7901288270950317,-0.6122288107872009,0.029537081718444825,0.6125194430351257,0.7904548048973084,-0.0010164771229028702,-0.02272542379796505,0.018895186483860017,0.9995632767677307]},{"Name":"Right Arm","CFrame":[-0.22651419043540955,-0.053968578577041629,0.019693493843078615,0.9622747302055359,-0.23213721811771394,0.14191460609436036,0.26115310192108157,0.9343680739402771,-0.24239514768123628,-0.07633155584335327,0.2703121304512024,0.9597421288490295]},{"Name":"RelKnife","CFrame":[0,0,0,1,0,0,0,1,0,0,0,1]}]},{"Time":0.2666666805744171,"Poses":[{"Name":"Scarf","CFrame":[0,0,0,1,0,0,0,1,0,0,0,1]},{"Name":"HumanoidRootPart","CFrame":[0,0,0,1,0,0,0,1,0,0,0,1]},{"Name":"Torso","CFrame":[0.05843330919742584,-0.21670857071876527,-0.14960312843322755,0.9984087347984314,0.053550902754068378,-0.01767909526824951,-0.05531403049826622,0.9909780025482178,-0.12207745760679245,0.010982237756252289,0.12286105751991272,0.9923631548881531]},{"Name":"Head","CFrame":[9.499490261077881e-8,-1.816079020500183e-8,0.016661882400512697,0.9978278875350952,-0.05588317662477493,0.03488212078809738,0.05667775124311447,0.9981451630592346,-0.02222255803644657,-0.03357550501823425,0.024151287972927095,0.9991443753242493]},{"Name":"Right Leg","CFrame":[0.8216762542724609,0.6109793186187744,-0.11125814914703369,0.959559440612793,0.27565595507621767,0.05709196254611015,-0.2798393964767456,0.9560917615890503,0.08705441653728485,-0.030588025227189065,-0.09951049834489823,0.9945663213729858]},{"Name":"Left Arm","CFrame":[-1.4901161193847657e-8,-0.17196038365364076,0.006046295166015625,0.98882657289505,-0.13349969685077668,-0.06633090227842331,0.13771754503250123,0.9884217381477356,0.06369040161371231,0.05706023424863815,-0.07211390137672425,0.9957629442214966]},{"Name":"Left Leg","CFrame":[-0.43270906805992129,-0.22794830799102784,-0.022281169891357423,0.7843009829521179,-0.6179714202880859,0.05461928993463516,0.6191901564598084,0.7852076888084412,-0.007240500301122665,-0.038413096219301227,0.0394984595477581,0.998481035232544]},{"Name":"Right Arm","CFrame":[-0.22600384056568147,-0.055328965187072757,0.019777536392211915,0.9627028107643127,-0.2308684140443802,0.14107856154441834,0.25972849130630495,0.9346472024917603,-0.24284906685352326,-0.07579253613948822,0.2704334855079651,0.9597506523132324]},{"Name":"RelKnife","CFrame":[0,0,0,1,0,0,0,1,0,0,0,1]}]},{"Time":0.28333333134651186,"Poses":[{"Name":"Scarf","CFrame":[0,0,0,1,0,0,0,1,0,0,0,1]},{"Name":"HumanoidRootPart","CFrame":[0,0,0,1,0,0,0,1,0,0,0,1]},{"Name":"Torso","CFrame":[0.055048730224370959,-0.20071962475776673,-0.11882829666137696,0.996761679649353,0.0780288353562355,-0.01943294331431389,-0.07972001284360886,0.9905330538749695,-0.11175448447465897,0.010528896003961563,0.11294176429510117,0.9935458898544312]},{"Name":"Head","CFrame":[8.381903171539307e-8,-9.313225746154785e-9,0.016662120819091798,0.9960603713989258,-0.0804552212357521,0.03729351609945297,0.08131266385316849,0.9964443445205689,-0.022070594131946565,-0.03538519889116287,0.025015966966748239,0.9990606307983398]},{"Name":"Right Leg","CFrame":[0.8040146827697754,0.6229799389839172,-0.1279432773590088,0.976834774017334,0.1978428214788437,0.08156018704175949,-0.204648956656456,0.975067675113678,0.08580189943313599,-0.0625513419508934,-0.1005055233836174,0.9929683208465576]},{"Name":"Left Arm","CFrame":[0.004184894263744354,-0.1730743944644928,0.005893826484680176,0.9917570352554321,-0.015815451741218568,-0.12715297937393189,0.02527882345020771,0.9969999194145203,0.07315906882286072,0.12561443448066712,-0.0757703185081482,0.9891814589500427]},{"Name":"Left Leg","CFrame":[-0.3106643557548523,-0.23955297470092774,-0.01858353614807129,0.780021607875824,-0.6207567453384399,0.07891356945037842,0.623511016368866,0.7816870212554932,-0.014125032350420952,-0.05291755124926567,0.060221318155527118,0.9967814087867737]},{"Name":"Right Arm","CFrame":[-0.22525860369205476,-0.05738908052444458,0.019901037216186525,0.9631126523017883,-0.22964930534362794,0.1402687430381775,0.25835493206977847,0.9349238276481628,-0.2432492971420288,-0.07527857273817063,0.270515501499176,0.9597679376602173]},{"Name":"RelKnife","CFrame":[0,0,0,1,0,0,0,1,0,0,0,1]}]},{"Time":0.30000001192092898,"Poses":[{"Name":"Scarf","CFrame":[0,0,0,1,0,0,0,1,0,0,0,1]},{"Name":"HumanoidRootPart","CFrame":[0,0,0,1,0,0,0,1,0,0,0,1]},{"Name":"Torso","CFrame":[0.0512775182723999,-0.18508143723011018,-0.09307122230529785,0.9946169257164002,0.1014508306980133,-0.0210940632969141,-0.10306443274021149,0.9896267056465149,-0.10008368641138077,0.010721675120294094,0.1017189621925354,0.9947554469108582]},{"Name":"Head","CFrame":[9.313225746154785e-8,-2.7008354663848878e-8,0.016662001609802247,0.9937889575958252,-0.10399283468723297,0.039610326290130618,0.10491178184747696,0.9942411780357361,-0.021866124123334886,-0.03710829094052315,0.025885935872793199,0.998975932598114]},{"Name":"Right Leg","CFrame":[0.7873121500015259,0.6205874681472778,-0.1396554708480835,0.9866524338722229,0.12450532615184784,0.10495439171791077,-0.13348428905010224,0.9875392317771912,0.08335648477077484,-0.09326817840337753,-0.09625362604856491,0.9909774661064148]},{"Name":"Left Arm","CFrame":[0.008233480155467987,-0.17467409372329713,0.005675911903381348,0.9767303466796875,0.09709560126066208,-0.19123391807079316,-0.07901635766029358,0.9918436408042908,0.10001303255558014,0.19938495755195619,-0.0825752392411232,0.9764358997344971]},{"Name":"Left Leg","CFrame":[-0.23102188110351563,-0.25200068950653078,-0.01489710807800293,0.765860378742218,-0.6348456144332886,0.10212288796901703,0.6397371292114258,0.7682908773422241,-0.021574199199676515,-0.06476383656263352,0.08185462653636933,0.994537889957428]},{"Name":"Right Arm","CFrame":[-0.22433818876743318,-0.05997598171234131,0.020053863525390626,0.9634993076324463,-0.228494793176651,0.13949628174304963,0.25705012679100039,0.9351927042007446,-0.24359796941280366,-0.07479503005743027,0.2705639600753784,0.9597921371459961]},{"Name":"RelKnife","CFrame":[0,0,0,1,0,0,0,1,0,0,0,1]}]},{"Time":0.3166666626930237,"Poses":[{"Name":"Scarf","CFrame":[0,0,0,1,0,0,0,1,0,0,0,1]},{"Name":"HumanoidRootPart","CFrame":[0,0,0,1,0,0,0,1,0,0,0,1]},{"Name":"Torso","CFrame":[0.04717564582824707,-0.1706714779138565,-0.07427644729614258,0.9920828938484192,0.12352671474218369,-0.022644344717264177,-0.12506252527236939,0.9881937503814697,-0.08850111812353134,0.01144474744796753,0.09063238650560379,0.9958186745643616]},{"Name":"Head","CFrame":[8.940696716308594e-8,-6.752088665962219e-9,0.016662001609802247,0.9911262392997742,-0.12618306279182435,0.0417950376868248,0.12716105580329896,0.991646409034729,-0.021620724350214006,-0.03871772065758705,0.026743540540337564,0.9988922476768494]},{"Name":"Right Leg","CFrame":[0.7715572118759155,0.6059157848358154,-0.14696282148361207,0.990298330783844,0.05650114268064499,0.12695233523845673,-0.06699198484420777,0.9945457577705383,0.07994364202022553,-0.12174294143915177,-0.08767283707857132,0.9886820316314697]},{"Name":"Left Arm","CFrame":[0.012038342654705048,-0.1766505241394043,0.005492448806762695,0.9460345506668091,0.20299649238586427,-0.25260889530181887,-0.17170311510562898,0.9750739336013794,0.14053098857402802,0.2748395502567291,-0.08957363665103913,0.9573087096214294]},{"Name":"Left Leg","CFrame":[-0.19384095072746278,-0.27283668518066409,-0.008645951747894287,0.739883542060852,-0.6612167358398438,0.12395524233579636,0.6688106060028076,0.7428464889526367,-0.029522692784667016,-0.07255881279706955,0.10474592447280884,0.9918485879898071]},{"Name":"Right Arm","CFrame":[-0.22330227494239808,-0.06291425228118897,0.020226120948791505,0.9638581275939941,-0.22741976380348206,0.138772651553154,0.2558319866657257,0.9354487657546997,-0.24389733374118806,-0.07434763759374619,0.27058467268943789,0.9598209857940674]},{"Name":"RelKnife","CFrame":[0,0,0,1,0,0,0,1,0,0,0,1]}]},{"Time":0.3333333432674408,"Poses":[{"Name":"Scarf","CFrame":[0,0,0,1,0,0,0,1,0,0,0,1]},{"Name":"HumanoidRootPart","CFrame":[0,0,0,1,0,0,0,1,0,0,0,1]},{"Name":"Torso","CFrame":[0.04279807209968567,-0.15840402245521546,-0.06435179710388184,0.9892886281013489,0.1439756453037262,-0.024066973477602006,-0.1454421579837799,0.9862516522407532,-0.07844996452331543,0.012441210448741913,0.08111000806093216,0.9966275095939636]},{"Name":"Head","CFrame":[9.499490261077881e-8,-8.614733815193177e-9,0.0166623592376709,0.9882071018218994,-0.1467221975326538,0.04381217807531357,0.14775580167770387,0.9887934327125549,-0.021348625421524049,-0.04018889367580414,0.027570411562919618,0.998811662197113]},{"Name":"Right Leg","CFrame":[0.756344199180603,0.5816484093666077,-0.1505323052406311,0.9890845417976379,-0.005621112417429686,0.14724214375019074,-0.0056165484711527828,0.9971076846122742,0.07579391449689865,-0.1472422480583191,-0.07579357922077179,0.9861922264099121]},{"Name":"Left Arm","CFrame":[0.015514694154262543,-0.1788763701915741,0.005409717559814453,0.9032524228096008,0.3000948131084442,-0.30672207474708559,-0.250848650932312,0.9492013454437256,0.18997876346111298,0.3481525182723999,-0.0946580171585083,0.9326466917991638]},{"Name":"Left Leg","CFrame":[-0.18856790661811829,-0.3021045923233032,0.0008881092071533203,0.7040674686431885,-0.6953526735305786,0.14413094520568849,0.7060957551002502,0.7071056365966797,-0.03782184422016144,-0.07561635226011276,0.12839938700199128,0.9888355731964111]},{"Name":"Right Arm","CFrame":[-0.22221070528030396,-0.06602749228477478,0.02040839195251465,0.9641842246055603,-0.22643913328647614,0.13810892403125764,0.25471818447113039,0.9356868267059326,-0.24414925277233125,-0.07394176721572876,0.2705836296081543,0.9598526954650879]},{"Name":"RelKnife","CFrame":[0,0,0,1,0,0,0,1,0,0,0,1]}]},{"Time":0.3499999940395355,"Poses":[{"Name":"Scarf","CFrame":[0,0,0,1,0,0,0,1,0,0,0,1]},{"Name":"HumanoidRootPart","CFrame":[0,0,0,1,0,0,0,1,0,0,0,1]},{"Name":"Torso","CFrame":[0.038198672235012057,-0.14875397086143495,-0.06070876121520996,0.9863787293434143,0.16252610087394715,-0.025346310809254648,-0.16394078731536866,0.9839289784431458,-0.07076172530651093,0.01343834213912487,0.07395314425230026,0.9971712231636047]},{"Name":"Head","CFrame":[8.847564458847046e-8,-1.0943040251731873e-8,0.016662120819091798,0.9851826429367065,-0.16532687842845918,0.045631907880306247,0.16641142964363099,0.9858314394950867,-0.02106553129851818,-0.04150264337658882,0.028347007930278779,0.9987362027168274]},{"Name":"Right Leg","CFrame":[0.7411535978317261,0.5498770475387573,-0.15098655223846436,0.9842926859855652,-0.061400722712278369,0.1655237376689911,0.050181303173303607,0.996203601360321,0.07113488763570786,-0.16926300525665284,-0.06171136721968651,0.9836370348930359]},{"Name":"Left Arm","CFrame":[0.018606625497341157,-0.1812165379524231,0.00545811653137207,0.8527125716209412,0.3871774971485138,-0.350678026676178,-0.3162645101547241,0.9169320464134216,0.24333623051643372,0.41576218605041506,-0.09658906608819962,0.9043298363685608]},{"Name":"Left Leg","CFrame":[-0.20266322791576386,-0.3360755443572998,0.013019800186157227,0.6620957255363464,-0.7316149473190308,0.16238494217395783,0.7457458972930908,0.6646254658699036,-0.046218495815992358,-0.07411107420921326,0.1516989767551422,0.985644519329071]},{"Name":