[{"Time":0,"Poses":[{"Name":"Torso","CFrame":[0,0,0,1,0,0,0,1,0,0,0,1]},{"Name":"Left Leg","CFrame":[-0.8413277864456177,0.7735087275505066,-0.06881582736968994,0.989823579788208,-0.0848156213760376,0.11426040530204773,0.05929401516914368,0.9757611751556397,0.21065184473991395,-0.1293574422597885,-0.20173321664333344,0.9708606004714966]},{"Name":"Head","CFrame":[0,0,0,1,0,0,0,0.8167734742164612,-0.5769585371017456,0,0.5769585371017456,0.8167734742164612]},{"Name":"Right Arm","CFrame":[0,-8.940696716308594e-8,-5.960464477539063e-8,0.7544788122177124,-0.6456894278526306,0.11767250299453736,0.11796227097511292,0.3097769021987915,0.9434633851051331,-0.6456365585327148,-0.6979421973228455,0.3098870515823364]},{"Name":"Left Arm","CFrame":[5.960464477539063e-8,2.9802322387695315e-8,0,0.6456576585769653,0.6972720623016357,-0.3113483786582947,-0.11568552255630493,0.49233147501945498,0.8626856803894043,0.7548133134841919,-0.5209811329841614,0.3985418677330017]},{"Name":"Right Leg","CFrame":[-1.4901161193847657e-8,0,0,0.9656648635864258,0.2562837302684784,-0.042544737458229068,-0.251392126083374,0.963134229183197,0.0957835465669632,0.06552405655384064,-0.08179939538240433,0.9944925904273987]},{"Name":"HumanoidRootPart","CFrame":[0,0,0,1,0,0,0,1,0,0,0,1]},{"Name":"Torso","CFrame":[0,0.05486647039651871,0.24082916975021363,1,0,0,0,0.9750167727470398,0.22213143110275269,0,-0.22213143110275269,0.9750167727470398]}]},{"Time":1,"Poses":[{"Name":"Torso","CFrame":[0,0,0,1,0,0,0,1,0,0,0,1]},{"Name":"Left Leg","CFrame":[-0.8551526665687561,0.9325577616691589,-0.10169827938079834,0.9682625532150269,-0.22228816151618958,0.11426040530204773,0.19505201280117036,0.9579041600227356,0.21065184473991395,-0.1562759280204773,-0.18167957663536073,0.9708606004714966]},{"Name":"Head","CFrame":[0,0,8.940696716308594e-8,1,0,0,0,0.7874193787574768,-0.6164177060127258,0,0.6164177060127258,0.7874193787574768]},{"Name":"Right Arm","CFrame":[0.05800643563270569,0.01516711711883545,0.07055622339248657,0.7544788122177124,-0.6456894278526306,0.11767250299453736,0.11796227097511292,0.3097769021987915,0.9434633851051331,-0.6456365585327148,-0.6979421973228455,0.3098870515823364]},{"Name":"Left Arm","CFrame":[-0.09616553783416748,0.004628106951713562,0.08296823501586914,0.6456576585769653,0.6972720623016357,-0.3113483786582947,-0.11568552255630493,0.49233147501945498,0.8626856803894043,0.7548133134841919,-0.5209811329841614,0.3985418677330017]},{"Name":"Right Leg","CFrame":[2.9802322387695315e-8,-2.384185791015625e-7,-2.9802322387695315e-8,0.9658733010292053,0.2554969787597656,-0.042544737458229068,-0.2506074905395508,0.9633387923240662,0.0957835465669632,0.06545739620923996,-0.0818527415394783,0.9944925904273987]},{"Name":"HumanoidRootPart","CFrame":[0,0,0,1,0,0,0,1,0,0,0,1]},{"Name":"Torso","CFrame":[0,0.07019353657960892,0.30810531973838808,1,0,0,0,0.9750167727470398,0.22213143110275269,0,-0.22213143110275269,0.9750167727470398]}]},{"Time":2,"Poses":[{"Name":"Torso","CFrame":[0,0,0,1,0,0,0,1,0,0,0,1]},{"Name":"Left Leg","CFrame":[-0.8413277864456177,0.7735087275505066,-0.06881582736968994,0.989823579788208,-0.0848156213760376,0.11426040530204773,0.05929401516914368,0.9757611751556397,0.21065184473991395,-0.1293574422597885,-0.20173321664333344,0.9708606004714966]},{"Name":"Head","CFrame":[0,0,0,1,0,0,0,0.8167734742164612,-0.5769585371017456,0,0.5769585371017456,0.8167734742164612]},{"Name":"Right Arm","CFrame":[0,-8.940696716308594e-8,-5.960464477539063e-8,0.7544788122177124,-0.6456894278526306,0.11767250299453736,0.11796227097511292,0.3097769021987915,0.9434633851051331,-0.6456365585327148,-0.6979421973228455,0.3098870515823364]},{"Name":"Left Arm","CFrame":[5.960464477539063e-8,2.9802322387695315e-8,0,0.6456576585769653,0.6972720623016357,-0.3113483786582947,-0.11568552255630493,0.49233147501945498,0.8626856803894043,0.7548133134841919,-0.5209811329841614,0.3985418677330017]},{"Name":"Right Leg","CFrame":[-1.4901161193847657e-8,0,0,0.9656648635864258,0.2562837302684784,-0.042544737458229068,-0.251392126083374,0.963134229183197,0.0957835465669632,0.06552405655384064,-0.08179939538240433,0.9944925904273987]},{"Name":"HumanoidRootPart","CFrame":[0,0,0,1,0,0,0,1,0,0,0,1]},{"Name":"Torso","CFrame":[0,0.05486647039651871,0.24082916975021363,1,0,0,0,0.9750167727470398,0.22213143110275269,0,-0.22213143110275269,0.9750167727470398]}]},{"Time":0.01666666753590107,"Poses":[{"Name":"Torso","CFrame":[0,0,0,1,0,0,0,1,0,0,0,1]},{"Name":"Left Leg","CFrame":[-0.8413380980491638,0.7736241817474365,-0.06883975863456726,0.9898155331611633,-0.08491071313619614,0.11426042765378952,0.05938776582479477,0.9757555723190308,0.21065187454223634,-0.1293768435716629,-0.20172083377838136,0.9708606600761414]},{"Name":"Head","CFrame":[0,2.384185791015625e-7,-3.2782554626464846e-7,1,0,0,0,0.8167539834976196,-0.5769860744476318,0,0.5769860744476318,0.8167539834976196]},{"Name":"Right Arm","CFrame":[0.00003981590270996094,0.000010281801223754883,0.000048160552978515628,0.7544788718223572,-0.6456894874572754,0.11767244338989258,0.11796227097511292,0.3097769618034363,0.9434633851051331,-0.6456365585327148,-0.6979421973228455,0.309887170791626]},{"Name":"Left Arm","CFrame":[-0.00006586313247680664,0.000003129243850708008,0.00005677342414855957,0.6456575989723206,0.6972721219062805,-0.3113483786582947,-0.11568552255630493,0.49233147501945498,0.8626856803894043,0.7548132538795471,-0.5209810733795166,0.3985418379306793]},{"Name":"Right Leg","CFrame":[4.470348358154297e-8,0,0,0.9656649827957153,0.2562832236289978,-0.04254473000764847,-0.2513916492462158,0.9631343483924866,0.09578355401754379,0.06552401185035706,-0.08179944008588791,0.9944925904273987]},{"Name":"HumanoidRootPart","CFrame":[0,0,0,1,0,0,0,1,0,0,0,1]},{"Name":"Torso","CFrame":[0,0.05487697198987007,0.2408752590417862,1,0,0,0,0.975016713142395,0.2221314162015915,0,-0.2221314162015915,0.975016713142395]}]},{"Time":0.03333333507180214,"Poses":[{"Name":"Torso","CFrame":[0,0,0,1,0,0,0,1,0,0,0,1]},{"Name":"Left Leg","CFrame":[-0.8413691520690918,0.773970365524292,-0.06891116499900818,0.9897910356521606,-0.08519568294286728,0.11426042020320893,0.059668682515621188,0.9757384061813355,0.21065188944339753,-0.12943491339683534,-0.20168356597423554,0.9708606004714966]},{"Name":"Head","CFrame":[0,9.834766387939454e-7,-0.000001341104507446289,1,0,0,0,0.8166956901550293,-0.577068567276001,0,0.577068567276001,0.8166956901550293]},{"Name":"Right Arm","CFrame":[0.0001589655876159668,0.00004139542579650879,0.0001932978630065918,0.7544787526130676,-0.6456896066665649,0.11767247319221497,0.11796227097511292,0.3097767233848572,0.9434635639190674,-0.6456366777420044,-0.6979423761367798,0.3098869323730469]},{"Name":"Left Arm","CFrame":[-0.0002633333206176758,0.000012576580047607422,0.00022718310356140137,0.6456575989723206,0.6972721219062805,-0.3113483786582947,-0.11568552255630493,0.49233147501945498,0.8626856803894043,0.7548132538795471,-0.5209810733795166,0.3985418379306793]},{"Name":"Right Leg","CFrame":[4.470348358154297e-8,0,0,0.9656654000282288,0.25628161430358889,-0.04254474490880966,-0.2513900399208069,0.963134765625,0.09578356146812439,0.06552388519048691,-0.08179955184459686,0.9944925904273987]},{"Name":"HumanoidRootPart","CFrame":[0,0,0,1,0,0,0,1,0,0,0,1]},{"Name":"Torso","CFrame":[0,0.054908446967601779,0.24101342260837556,1,0,0,0,0.975016713142395,0.2221314013004303,0,-0.2221314013004303,0.975016713142395]}]},{"Time":0.05000000074505806,"Poses":[{"Name":"Torso","CFrame":[0,0,0,1,0,0,0,1,0,0,0,1]},{"Name":"Left Leg","CFrame":[-0.8414208292961121,0.7745461463928223,-0.06903010606765747,0.9897500872612,-0.08566978573799133,0.11426042765378952,0.06013605371117592,0.9757097363471985,0.2106519192457199,-0.12953150272369386,-0.20162157714366914,0.9708606004714966]},{"Name":"Head","CFrame":[0,0.0000022351741790771486,-0.000002950429916381836,1,0,0,0,0.816598653793335,-0.5772058963775635,0,0.5772058963775635,0.816598653793335]},{"Name":"Right Arm","CFrame":[0.0003571510314941406,0.00009319186210632324,0.0004342794418334961,0.7544788122177124,-0.6456895470619202,0.11767244338989258,0.1179623007774353,0.3097767233848572,0.9434635639190674,-0.6456366777420044,-0.6979423761367798,0.30988699197769167]},{"Name":"Left Arm","CFrame":[-0.0005919337272644043,0.000028446316719055177,0.0005106329917907715,0.6456576585769653,0.6972720623016357,-0.3113483786582947,-0.11568546295166016,0.49233153462409975,0.8626856803894043,0.7548132538795471,-0.5209810733795166,0.3985418379306793]},{"Name":"Right Leg","CFrame":[4.470348358154297e-8,0,0,0.9656661152839661,0.256278932094574,-0.04254474490880966,-0.251387357711792,0.9631354808807373,0.09578356146812439,0.0655236542224884,-0.08179973065853119,0.9944925904273987]},{"Name":"HumanoidRootPart","CFrame":[0,0,0,1,0,0,0,1,0,0,0,1]},{"Name":"Torso","CFrame":[0,0.054960817098617557,0.24124330282211305,1,0,0,0,0.975016713142395,0.2221314013004303,0,-0.2221314013004303,0.975016713142395]}]},{"Time":0.06666667014360428,"Poses":[{"Name":"Torso","CFrame":[0,0,0,1,0,0,0,1,0,0,0,1]},{"Name":"Left Leg","CFrame":[-0.8414927124977112,0.7753496170043945,-0.069195955991745,0.9896925687789917,-0.08633165061473847,0.11426043510437012,0.06078853830695152,0.975669264793396,0.2106519341468811,-0.12966632843017579,-0.2015349268913269,0.9708606004714966]},{"Name":"Head","CFrame":[0,0.000003874301910400391,-0.000005304813385009766,1,0,0,0,0.8164632320404053,-0.5773974061012268,0,0.5773974061012268,0.8164632320404053]},{"Name":"Right Arm","CFrame":[0.0006338357925415039,0.00016564130783081055,0.0007709264755249023,0.7544788122177124,-0.6456894874572754,0.1176723837852478,0.11796227097511292,0.3097767233848572,0.9434635043144226,-0.6456366181373596,-0.697942316532135,0.30988699197769167]},{"Name":"Left Arm","CFrame":[-0.0010506510734558106,0.0000505596399307251,0.0009064376354217529,0.6456575989723206,0.6972721219062805,-0.3113483786582947,-0.11568552255630493,0.49233147501945498,0.8626856803894043,0.7548132538795471,-0.5209810733795166,0.3985418379306793]},{"Name":"Right Leg","CFrame":[4.470348358154297e-8,0,5.960464477539063e-8,0.9656671285629273,0.25627514719963076,-0.042544737458229068,-0.25138357281684878,0.9631364345550537,0.09578355401754379,0.06552332639694214,-0.08179997652769089,0.9944925308227539]},{"Name":"HumanoidRootPart","CFrame":[0,0,0,1,0,0,0,1,0,0,0,1]},{"Name":"Torso","CFrame":[0,0.055033933371305469,0.24156422913074494,1,0,0,0,0.975016713142395,0.2221313863992691,0,-0.2221313863992691,0.975016713142395]}]},{"Time":0.0833333358168602,"Poses":[{"Name":"Torso","CFrame":[0,0,0,1,0,0,0,1,0,0,0,1]},{"Name":"Left Leg","CFrame":[-0.841585099697113,0.7763782739639282,-0.06940832734107971,0.9896183013916016,-0.08717942982912064,0.11426044255495072,0.06162431091070175,0.9756168723106384,0.21065190434455872,-0.12983892858028413,-0.2014237642288208,0.9708606600761414]},{"Name":"Head","CFrame":[0,0.0000059604644775390629,-0.000008195638656616211,1,0,0,0,0.8162896633148193,-0.5776427984237671,0,0.5776427984237671,0.8162896633148193]},{"Name":"Right Arm","CFrame":[0.000988304615020752,0.00025835633277893066,0.0012019872665405274,0.7544788718223572,-0.6456894278526306,0.11767244338989258,0.11796224117279053,0.3097769618034363,0.9434633255004883,-0.6456365585327148,-0.6979422569274902,0.309887170791626]},{"Name":"Left Arm","CFrame":[-0.0016383528709411622,0.00007876753807067871,0.0014134049415588379,0.6456576585769653,0.6972721219062805,-0.3113483190536499,-0.11568552255630493,0.49233147501945498,0.8626856803894043,0.7548131942749023,-0.5209810733795166,0.3985418975353241]},{"Name":"Right Leg","CFrame":[4.470348358154297e-8,1.1920928955078126e-7,5.960464477539063e-8,0.9656683802604675,0.2562703490257263,-0.042544733732938769,-0.25137877464294436,0.963137686252594,0.0957835465669632,0.0655229240655899,-0.08180029690265656,0.9944925308227539]},{"Name":"HumanoidRootPart","CFrame":[0,0,0,1,0,0,0,1,0,0,0,1]},{"Name":"Torso","CFrame":[0,0.0551275908946991,0.241975337266922,1,0,0,0,0.975016713142395,0.2221314162015915,0,-0.2221314162015915,0.975016713142395]}]},{"Time":0.10000000149011612,"Poses":[{"Name":"Torso","CFrame":[0,0,0,1,0,0,0,1,0,0,0,1]},{"Name":"Left Leg","CFrame":[-0.8416970372200012,0.7776286602020264,-0.06966641545295716,0.9895268678665161,-0.08821079879999161,0.11426042765378952,0.06264110654592514,0.9755520820617676,0.21065190434455872,-0.13004876673221589,-0.20128831267356873,0.9708606004714966]},{"Name":"Head","CFrame":[0,0.000008493661880493164,-0.000011712312698364258,1,0,0,0,0.8160784244537354,-0.5779411196708679,0,0.5779411196708679,0.8160784244537354]},{"Name":"Right Arm","CFrame":[0.0014195740222930909,0.00037103891372680664,0.0017265081405639649,0.7544788718223572,-0.6456894874572754,0.11767244338989258,0.11796227097511292,0.3097769618034363,0.9434633851051331,-0.6456365585327148,-0.6979421973228455,0.309887170791626]},{"Name":"Left Arm","CFrame":[-0.0023532509803771974,0.00011324882507324219,0.002030283212661743,0.6456575989723206,0.6972721219062805,-0.3113483786582947,-0.11568552255630493,0.49233150482177737,0.8626856207847595,0.7548132538795471,-0.5209810137748718,0.3985418677330017]},{"Name":"Right Leg","CFrame":[5.960464477539063e-8,0,0,0.9656699895858765,0.2562645673751831,-0.04254474490880966,-0.2513729929924011,0.9631392359733582,0.09578355401754379,0.0655224397778511,-0.08180070668458939,0.9944925904273987]},{"Name":"HumanoidRootPart","CFrame":[0,0,0,1,0,0,0,1,0,0,0,1]},{"Name":"Torso","CFrame":[0,0.05524154752492905,0.24247552454471589,1,0,0,0,0.975016713142395,0.2221314013004303,0,-0.2221314013004303,0.975016713142395]}]},{"Time":0.11666666716337204,"Poses":[{"Name":"Torso","CFrame":[0,0,0,1,0,0,0,1,0,0,0,1]},{"Name":"Left Leg","CFrame":[-0.8418285846710205,0.7790969610214233,-0.06996941566467285,0.9894180297851563,-0.08942282199859619,0.11426041275262833,0.06383603811264038,0.9754745960235596,0.21065187454223634,-0.13029521703720094,-0.20112884044647218,0.9708606004714966]},{"Name":"Head","CFrame":[0,0.000011444091796875,-0.00001570582389831543,1,0,0,0,0.8158299922943115,-0.5782918334007263,0,0.5782918334007263,0.8158299922943115]},{"Name":"Right Arm","CFrame":[0.0019263923168182374,0.0005035698413848877,0.0023430585861206056,0.7544788718223572,-0.6456894278526306,0.11767241358757019,0.1179623007774353,0.3097769618034363,0.9434633255004883,-0.6456365585327148,-0.6979422569274902,0.309887170791626]},{"Name":"Left Arm","CFrame":[-0.0031936168670654299,0.00015366077423095703,0.0027551651000976564,0.6456575989723206,0.6972720623016357,-0.3113483190536499,-0.11568549275398255,0.49233147501945498,0.8626856207847595,0.7548131942749023,-0.5209810137748718,0.3985418379306793]},{"Name":"Right Leg","CFrame":[5.960464477539063e-8,0,0,0.9656717777252197,0.25625765323638918,-0.04254474118351936,-0.25136613845825198,0.9631410241127014,0.09578356146812439,0.06552185118198395,-0.08180117607116699,0.9944925904273987]},{"Name":"HumanoidRootPart","CFrame":[0,0,0,1,0,0,0,1,0,0,0,1]},{"Name":"Torso","CFrame":[0,0.05537547916173935,0.24306339025497437,1,0,0,0,0.975016713142395,0.2221314162015915,0,-0.2221314162015915,0.975016713142395]}]},{"Time":0.13333334028720857,"Poses":[{"Name":"Torso","CFrame":[0,0,0,1,0,0,0,1,0,0,0,1]},{"Name":"Left Leg","CFrame":[-0.8419795036315918,0.780778706073761,-0.07031655311584473,0.9892915487289429,-0.09081219881772995,0.11426043510437012,0.06520584970712662,0.9753840565681458,0.21065190434455872,-0.13057756423950196,-0.20094570517539979,0.9708606600761414]},{"Name":"Head","CFrame":[0,0.000014722347259521485,-0.000020205974578857423,1,0,0,0,0.8155449628829956,-0.578693687915802,0,0.578693687915802,0.8155449628829956]},{"Name":"Right Arm","CFrame":[0.002507537603378296,0.0006556212902069092,0.0030497312545776369,0.7544788718223572,-0.6456894874572754,0.11767244338989258,0.11796227097511292,0.3097769618034363,0.9434633851051331,-0.6456365585327148,-0.6979421973228455,0.309887170791626]},{"Name":"Left Arm","CFrame":[-0.004157066345214844,0.00020010769367218018,0.0035864710807800295,0.6456575989723206,0.6972721219062805,-0.3113483786582947,-0.11568552255630493,0.49233147501945498,0.8626856803894043,0.7548132538795471,-0.5209810733795166,0.3985418379306793]},{"Name":"Right Leg","CFrame":[1.4901161193847657e-8,0,5.960464477539063e-8,0.9656738638877869,0.2562497556209564,-0.042544737458229068,-0.2513582408428192,0.9631430506706238,0.0957835465669632,0.06552118062973023,-0.08180169761180878,0.9944925308227539]},{"Name":"HumanoidRootPart","CFrame":[0,0,0,1,0,0,0,1,0,0,0,1]},{"Name":"Torso","CFrame":[0,0.05552901327610016,0.2437373250722885,1,0,0,0,0.975016713142395,0.2221314162015915,0,-0.2221314162015915,0.975016713142395]}]},{"Time":0.15000000596046449,"Poses":[{"Name":"Torso","CFrame":[0,0,0,1,0,0,0,1,0,0,0,1]},{"Name":"Left Leg","CFrame":[-0.8421487212181091,0.7826679944992065,-0.07070660591125488,0.9891468286514282,-0.09237497299909592,0.11426042765378952,0.06674668937921524,0.9752798080444336,0.2106519192457199,-0.13089485466480256,-0.20073916018009187,0.9708606004714966]},{"Name":"Head","CFrame":[0,0.000018298625946044923,-0.00002518296241760254,1,0,0,0,0.8152241706848145,-0.579145610332489,0,0.579145610332489,0.8152241706848145]},{"Name":"Right Arm","CFrame":[0.0031611621379852297,0.000826418399810791,0.003844916820526123,0.7544788718223572,-0.6456894278526306,0.11767241358757019,0.1179623007774353,0.3097769618034363,0.9434633255004883,-0.6456365585327148,-0.6979422569274902,0.309887170791626]},{"Name":"Left Arm","CFrame":[-0.005240678787231445,0.0002521425485610962,0.004521310329437256,0.6456575989723206,0.6972720623016357,-0.3113483190536499,-0.11568549275398255,0.49233147501945498,0.8626856207847595,0.7548131942749023,-0.5209810137748718,0.3985418379306793]},{"Name":"Right Leg","CFrame":[2.9802322387695315e-8,0,0,0.9656762480735779,0.2562409043312073,-0.04254474118351936,-0.25134938955307009,0.96314537525177,0.09578356146812439,0.06552043557167053,-0.08180230855941773,0.9944925904273987]},{"Name":"HumanoidRootPart","CFrame":[0,0,0,1,0,0,0,1,0,0,0,1]},{"Name":"Torso","CFrame":[0,0.05570174381136894,0.24449549615383149,1,0,0,0,0.975016713142395,0.2221313863992691,0,-0.2221313863992691,0.975016713142395]}]},{"Time":0.1666666716337204,"Poses":[{"Name":"Torso","CFrame":[0,0,0,1,0,0,0,1,0,0,0,1]},{"Name":"Left Leg","CFrame":[-0.8423361778259277,0.7847592830657959,-0.07113832235336304,0.9889835715293884,-0.09410682320594788,0.11426042765378952,0.06845429539680481,0.9751614332199097,0.21065187454223634,-0.13124613463878632,-0.20050963759422303,0.9708606600761414]},{"Name":"Head","CFrame":[0,0.000022232532501220704,-0.000030547380447387698,1,0,0,0,0.8148682117462158,-0.5796462893486023,0,0.5796462893486023,0.8148682117462158]},{"Name":"Right Arm","CFrame":[0.0038856863975524904,0.0010159313678741456,0.004726231098175049,0.7544788122177124,-0.6456894874572754,0.11767244338989258,0.1179623007774353,0.3097769021987915,0.9434633851051331,-0.6456366181373596,-0.6979421973228455,0.309887170791626]},{"Name":"Left Arm","CFrame":[-0.006441891193389893,0.0003100484609603882,0.0055577754974365238,0.6456575989723206,0.6972721815109253,-0.31134843826293948,-0.11568555235862732,0.49233147501945498,0.8626857399940491,0.7548133134841919,-0.5209811329841614,0.3985418379306793]},{"Name":"Right Leg","CFrame":[4.470348358154297e-8,0,0,0.9656788110733032,0.25623106956481936,-0.042544737458229068,-0.2513396143913269,0.9631479382514954,0.09578355401754379,0.06551959365606308,-0.08180297166109085,0.9944925904273987]},{"Name":"HumanoidRootPart","CFrame":[0,0,0,1,0,0,0,1,0,0,0,1]},{"Name":"Torso","CFrame":[0,0.0558931939303875,0.24533581733703614,1,0,0,0,0.975016713142395,0.22213143110275269,0,-0.22213143110275269,0.975016713142395]}]},{"Time":0.18333333730697633,"Poses":[{"Name":"Torso","CFrame":[0,0,0,1,0,0,0,1,0,0,0,1]},{"Name":"Left Leg","CFrame":[-0.842540979385376,0.787045955657959,-0.07161030173301697,0.9888013005256653,-0.09600289165973664,0.11426043510437012,0.07032391428947449,0.975028395652771,0.21065190434455872,-0.13163036108016969,-0.20025762915611268,0.9708606600761414]},{"Name":"Head","CFrame":[0,0.000026404857635498048,-0.0000362396240234375,1,0,0,0,0.8144780993461609,-0.580194354057312,0,0.580194354057312,0.8144780993461609]},{"Name":"Right Arm","CFrame":[0.004679083824157715,0.0012234151363372803,0.005691230297088623,0.7544788122177124,-0.6456894874572754,0.11767244338989258,0.1179623007774353,0.3097769021987915,0.9434633851051331,-0.6456366181373596,-0.6979421973228455,0.309887170791626]},{"Name":"Left Arm","CFrame":[-0.007757246494293213,0.00037331879138946533,0.006692618131637573,0.6456575989723206,0.6972721815109253,-0.31134843826293948,-0.11568549275398255,0.49233147501945498,0.8626856803894043,0.7548133134841919,-0.5209810733795166,0.3985418379306793]},{"Name":"Right Leg","CFrame":[1.4901161193847657e-8,0,5.960464477539063e-8,0.9656816720962524,0.2562203109264374,-0.042544733732938769,-0.25132885575294497,0.9631507396697998,0.09578355401754379,0.06551867723464966,-0.08180370181798935,0.9944925308227539]},{"Name":"HumanoidRootPart","CFrame":[0,0,0,1,0,0,0,1,0,0,0,1]},{"Name":"Torso","CFrame":[0,0.056102827191352847,0.2462559938430786,1,0,0,0,0.975016713142395,0.2221314162015915,0,-0.2221314162015915,0.975016713142395]}]},{"Time":0.20000000298023225,"Poses":[{"Name":"Torso","CFrame":[0,0,0,1,0,0,0,1,0,0,0,1]},{"Name":"Left Leg","CFrame":[-0.8427627682685852,0.7895205616950989,-0.07212111353874207,0.9885996580123901,-0.09805789589881897,0.11426042020320893,0.07235033810138703,0.9748801589012146,0.21065185964107514,-0.13204628229141236,-0.19998358190059663,0.9708606600761414]},{"Name":"Head","CFrame":[0,0.00003084540367126465,-0.00004220008850097656,1,0,0,0,0.8140547275543213,-0.5807881355285645,0,0.5807881355285645,0.8140547275543213]},{"Name":"Right Arm","CFrame":[0.005539119243621826,0.0014481544494628907,0.006737351417541504,0.7544788718223572,-0.6456894874572754,0.11767244338989258,0.11796227097511292,0.3097769618034363,0.9434633851051331,-0.6456365585327148,-0.6979421973228455,0.309887170791626]},{"Name":"Left Arm","CFrame":[-0.009182989597320557,0.00044186413288116455,0.007922738790512085,0.6456575989723206,0.6972721219062805,-0.3113483786582947,-0.11568552255630493,0.49233147501945498,0.8626856803894043,0.7548132538795471,-0.5209810733795166,0.3985418379306793]},{"Name":"Right Leg","CFrame":[4.470348358154297e-8,0,0,0.9656847715377808,0.2562086582183838,-0.04254474490880966,-0.25131726264953616,0.9631537795066834,0.09578355401754379,0.06551770120859146,-0.08180449157953263,0.9944925904273987]},{"Name":"HumanoidRootPart","CFrame":[0,0,0,1,0,0,0,1,0,0,0,1]},{"Name":"Torso","CFrame":[0,0.05633006617426872,0.24725346267223359,1,0,0,0,0.975016713142395,0.2221314162015915,0,-0.2221314162015915,0.975016713142395]}]},{"Time":0.21666666865348817,"Poses":[{"Name":"Torso","CFrame":[0,0,0,1,0,0,0,1,0,0,0,1]},{"Name":"Left Leg","CFrame":[-0.8430005311965942,0.7921755909919739,-0.07266926765441895,0.98837810754776,-0.10026611387729645,0.11426043510437012,0.07452797889709473,0.974716067314148,0.21065188944339753,-0.13249272108078004,-0.199688121676445,0.9708606600761414]},{"Name":"Head","CFrame":[0,0.00003534555435180664,-0.0000483095645904541,1,0,0,0,0.8135992884635925,-0.5814260840415955,0,0.5814260840415955,0.8135992884635925]},{"Name":"Right Arm","CFrame":[0.006463527679443359,0.0016899704933166504,0.007861733436584473,0.7544788718223572,-0.6456894874572754,0.11767244338989258,0.11796227097511292,0.3097769618034363,0.9434633851051331,-0.6456365585327148,-0.6979421973228455,0.309887170791626]},{"Name":"Left Arm","CFrame":[-0.010715484619140625,0.0005156248807907105,0.009244829416275025,0.6456575989723206,0.6972721219062805,-0.3113483786582947,-0.11568552255630493,0.49233147501945498,0.8626856803894043,0.7548132538795471,-0.5209810733795166,0.3985418379306793]},{"Name":"Right Leg","CFrame":[4.470348358154297e-8,1.1920928955078126e-7,2.9802322387695315e-8,0.9656880497932434,0.25619611144065859,-0.042544737458229068,-0.2513047158718109,0.9631569981575012,0.0957835465669632,0.0655166357755661,-0.08180533349514008,0.9944925308227539]},{"Name":"HumanoidRootPart","CFrame":[0,0,0,1,0,0,0,1,0,0,0,1]},{"Name":"Torso","CFrame":[0,0.056574318557977679,0.24832554161548615,1,0,0,0,0.975016713142395,0.2221314162015915,0,-0.2221314162015915,0.975016713142395]}]},{"Time":0.23333333432674409,"Poses":[{"Name":"Torso","CFrame":[0,0,0,1,0,0,0,1,0,0,0,1]},{"Name":"Left Leg","CFrame":[-0.8432537317276001,0.7950026988983154,-0.07325282692909241,0.988136351108551,-0.10262133926153183,0.11426042020320893,0.07685071974992752,0.9745356440544128,0.21065185964107514,-0.1329682320356369,-0.19937177002429963,0.9708606004714966]},{"Name":"Head","CFrame":[0,0.00003984570503234863,-0.0000546574592590332,1,0,0,0,0.8131129741668701,-0.5821059942245483,0,0.5821059942245483,0.8131129741668701]},{"Name":"Right Arm","CFrame":[0.007449597120285034,0.0019479095935821534,0.009061217308044434,0.7544788122177124,-0.6456894874572754,0.11767241358757019,0.1179623007774353,0.3097769021987915,0.9434633851051331,-0.6456365585327148,-0.6979421973228455,0.309887170791626]},{"Name":"Left Arm","CFrame":[-0.012350261211395264,0.0005943328142166138,0.010655373334884644,0.6456575989723206,0.6972721219062805,-0.3113483786582947,-0.11568552255630493,0.49233147501945498,0.8626856803894043,0.7548132538795471,-0.5209810733795166,0.3985418379306793]},{"Name":"Right Leg","CFrame":[8.940696716308594e-8,1.1920928955078126e-7,0,0.9656916260719299,0.2561827600002289,-0.04254474490880966,-0.251291424036026,0.9631604552268982,0.09578356146812439,0.06551551073789597,-0.0818062573671341,0.9944925308227539]},{"Name":"HumanoidRootPart","CFrame":[0,0,0,1,0,0,0,1,0,0,0,1]},{"Name":"Torso","CFrame":[0,0.056834883987903598,0.24946926534175874,1,0,0,0,0.975016713142395,0.2221314162015915,0,-0.2221314162015915,0.975016713142395]}]},{"Time":0.25,"Poses":[{"Name":"Torso","CFrame":[0,0,0,1,0,0,0,1,0,0,0,1]},{"Name":"Left Leg","CFrame":[-0.8435213565826416,0.7979931831359863,-0.0738702118396759,0.987873911857605,-0.1051170602440834,0.11426042020320893,0.07931216806173325,0.9743384122848511,0.21065188944339753,-0.13347142934799195,-0.19903527200222016,0.9708606004714966]},{"Name":"Head","CFrame":[0,0.00004464387893676758,-0.000061005353927612308,1,0,0,0,0.8125966787338257,-0.5828264951705933,0,0.5828264951705933,0.8125966787338257]},{"Name":"Right Arm","CFrame":[0.00849488377571106,0.002221137285232544,0.010332584381103516,0.7544788122177124,-0.6456894874572754,0.11767244338989258,0.1179623007774353,0.3097769021987915,0.9434633851051331,-0.6456366181373596,-0.6979421973228455,0.309887170791626]},{"Name":"Left Arm","CFrame":[-0.014083147048950196,0.0006777793169021606,0.012150377035140992,0.6456575989723206,0.6972721815109253,-0.31134843826293948,-0.11568552255630493,0.49233147501945498,0.8626857399940491,0.7548133134841919,-0.5209811329841614,0.3985418379306793]},{"Name":"Right Leg","CFrame":[2.9802322387695315e-8,0,0,0.9656954407691956,0.25616851449012759,-0.04254474118351936,-0.25127723813056948,0.963164210319519,0.09578355401754379,0.06551430374383927,-0.0818072184920311,0.9944925904273987]},{"Name":"HumanoidRootPart","CFrame":[0,0,0,1,0,0,0,1,0,0,0,1]},{"Name":"Torso","CFrame":[0,0.057111069560050967,0.2506815493106842,1,0,0,0,0.975016713142395,0.22213143110275269,0,-0.22213143110275269,0.975016713142395]}]},{"Time":0.2666666805744171,"Poses":[{"Name":"Torso","CFrame":[0,0,0,1,0,0,0,1,0,0,0,1]},{"Name":"Left Leg","CFrame":[-0.8438026905059815,0.8011376857757568,-0.0745193362236023,0.9875906705856323,-0.10774625837802887,0.11426042765378952,0.08190542459487915,0.9741238355636597,0.21065188944339753,-0.134000763297081,-0.19867928326129914,0.9708606004714966]},{"Name":"Head","CFrame":[0,0.00004929304122924805,-0.0000673830509185791,1,0,0,0,0.8120520114898682,-0.5835850834846497,0,0.5835850834846497,0.8120520114898682]},{"Name":"Right Arm","CFrame":[0.009596318006515503,0.002509087324142456,0.011672377586364746,0.7544788718223572,-0.6456894278526306,0.11767244338989258,0.11796224117279053,0.3097769618034363,0.9434633255004883,-0.6456365585327148,-0.6979422569274902,0.309887170791626]},{"Name":"Left Arm","CFrame":[-0.01590907573699951,0.0007656365633010864,0.013725757598876953,0.6456575989723206,0.6972721219062805,-0.3113483786582947,-0.11568552255630493,0.49233147501945498,0.8626856803894043,0.7548132538795471,-0.5209810733795166,0.3985418379306793]},{"Name":"Right Leg","CFrame":[2.9802322387695315e-8,0,5.960464477539063e-8,0.9656993746757507,0.2561536431312561,-0.04254474490880966,-0.251262366771698,0.9631680846214294,0.0957835465669632,0.06551304459571839,-0.08180822432041168,0.9944925308227539]},{"Name":"HumanoidRootPart","CFrame":[0,0,0,1,0,0,0,1,0,0,0,1]},{"Name":"Torso","CFrame":[0,0.057402096688747409,0.251958966255188,1,0,0,0,0.975016713142395,0.2221314162015915,0,-0.2221314162015915,0.975016713142395]}]},{"Time":0.28333333134651186,"Poses":[{"Name":"Torso","CFrame":[0,0,0,1,0,0,0,1,0,0,0,1]},{"Name":"Left Leg","CFrame":[-0.8440970778465271,0.8044267892837524,-0.07519841194152832,0.9872862100601196,-0.11050163209438324,0.11426044255495072,0.0846233069896698,0.97389155626297,0.2106519192457199,-0.1345546543598175,-0.19830463826656342,0.9708606600761414]},{"Name":"Head","CFrame":[0,0.000053942203521728519,-0.00007370114326477051,1,0,0,0,0.8114803433418274,-0.5843797326087952,0,0.5843797326087952,0.8114803433418274]},{"Name":"Right Arm","CFrame":[0.01075097918510437,0.0028110146522521974,0.01307666301727295,0.7544788718223572,-0.6456894874572754,0.11767244338989258,0.11796227097511292,0.3097769618034363,0.9434633851051331,-0.6456365585327148,-0.6979421973228455,0.309887170791626]},{"Name":"Left Arm","CFrame":[-0.017823338508605958,0.0008577555418014526,0.015377253293991089,0.6456575989723206,0.6972721219062805,-0.3113483786582947,-0.11568552255630493,0.49233147501945498,0.8626856803894043,0.7548132538795471,-0.5209810733795166,0.3985418379306793]},{"Name":"Right Leg","CFrame":[2.9802322387695315e-8,0,0,0.965703547000885,0.2561379671096802,-0.04254474490880966,-0.25124675035476687,0.963172197341919,0.09578356146812439,0.06551171839237213,-0.08180929720401764,0.9944925904273987]},{"Name":"HumanoidRootPart","CFrame":[0,0,0,1,0,0,0,1,0,0,0,1]},{"Name":"Torso","CFrame":[0,0.05770718306303024,0.2532980740070343,1,0,0,0,0.975016713142395,0.2221314162015915,0,-0.2221314162015915,0.975016713142395]}]},{"Time":0.30000001192092898,"Poses":[{"Name":"Torso","CFrame":[0,0,0,1,0,0,0,1,0,0,0,1]},{"Name":"Left Leg","CFrame":[-0.8444029092788696,0.807850182056427,-0.07590514421463013,0.9869602918624878,-0.11337541788816452,0.11426041275262833,0.08745821565389633,0.973641037940979,0.21065187454223634,-0.135131374001503,-0.19791200757026673,0.9708606004714966]},{"Name":"Head","CFrame":[0,0.0000584721565246582,-0.00007981061935424805,1,0,0,0,0.8108829855918884,-0.5852083563804627,0,0.5852083563804627,0.8108829855918884]},{"Name":"Right Arm","CFrame":[0.01195552945137024,0.0031261146068573,0.014541983604431153,0.7544788718223572,-0.6456894874572754,0.11767244338989258,0.11796227097511292,0.3097769618034363,0.9434633851051331,-0.6456365585327148,-0.6979421973228455,0.309887170791626]},{"Name":"Left Arm","CFrame":[-0.01982051134109497,0.0009538382291793823,0.01710030436515808,0.6456575989723206,0.6972721219062805,-0.3113483786582947,-0.11568552255630493,0.49233147501945498,0.8626856803894043,0.7548132538795471,-0.5209810733795166,0.3985418379306793]},{"Name":"Right Leg","CFrame":[1.4901161193847657e-8,0,0,0.9657078981399536,0.25612160563468935,-0.04254473000764847,-0.2512304484844208,0.963176429271698,0.0957835391163826,0.06551031768321991,-0.0818103775382042,0.9944925904273987]},{"Name":"HumanoidRootPart","CFrame":[0,0,0,1,0,0,0,1,0,0,0,1]},{"Name":"Torso","CFrame":[0,0.05802549421787262,0.2546952962875366,1,0,0,0,0.975016713142395,0.2221314162015915,0,-0.2221314162015915,0.975016713142395]}]},{"Time":0.3166666626930237,"Poses":[{"Name":"Torso","CFrame":[0,0,0,1,0,0,0,1,0,0,0,1]},{"Name":"Left Leg","CFrame":[-0.844719648361206,0.8113975524902344,-0.07663756608963013,0.986612856388092,-0.11635969579219818,0.11426042020320893,0.09040233492851258,0.9733720421791077,0.21065188944339753,-0.13572928309440614,-0.19750244915485383,0.9708606004714966]},{"Name":"Head","CFrame":[0,0.00006288290023803711,-0.00008577108383178711,1,0,0,0,0.810261607170105,-0.5860683917999268,0,0.5860683917999268,0.810261607170105]},{"Name":"Right Arm","CFrame":[0.013206958770751953,0.003453195095062256,0.016064107418060304,0.7544788718223572,-0.6456894874572754,0.11767244338989258,0.11796227097511292,0.3097769618034363,0.9434633851051331,-0.6456365585327148,-0.6979421973228455,0.309887170791626]},{"Name":"Left Arm","CFrame":[-0.021894991397857667,0.0010537654161453248,0.018890172243118287,0.6456575989723206,0.6972721219062805,-0.3113483786582947,-0.11568552255630493,0.49233147501945498,0.8626856803894043,0.7548132538795471,-0.5209810733795166,0.3985418379306793]},{"Name":"Right Leg","CFrame":[-2.9802322387695315e-8,0,5.960464477539063e-8,0.9657123684883118,0.25610461831092837,-0.042544733732938769,-0.2512134611606598,0.9631808400154114,0.095783531665802,0.0655088797211647,-0.08181153237819672,0.9944925308227539]},{"Name":"HumanoidRootPart","CFrame":[0,0,0,1,0,0,0,1,0,0,0,1]},{"Name":"Torso","CFrame":[0,0.0583561435341835,0.256146639585495,1,0,0,0,0.975016713142395,0.2221314162015915,0,-0.2221314162015915,0.975016713142395]}]},{"Time":0.3333333432674408,"Poses":[{"Name":"Torso","CFrame":[0,0,0,1,0,0,0,1,0,0,0,1]},{"Name":"Left Leg","CFrame":[-0.8450462818145752,0.8150584101676941,-0.07739335298538208,0.9862439632415772,-0.11944608390331269,0.11426039785146713,0.09344743192195893,0.9730844497680664,0.21065184473991395,-0.13634654879570008,-0.19707676768302918,0.9708606004714966]},{"Name":"Head","CFrame":[0,0.00006711483001708984,-0.00009137392044067383,1,0,0,0,0.8096176981925964,-0.586957573890686,0,0.586957573890686,0.8096176981925964]},{"Name":"Right Arm","CFrame":[0.0145016610622406,0.0037917494773864748,0.017638981342315675,0.7544788718223572,-0.6456894874572754,0.11767244338989258,0.11796227097511292,0.3097769618034363,0.9434633851051331,-0.6456365585327148,-0.6979421973228455,0.309887170791626]},{"Name":"Left Arm","CFrame":[-0.024041414260864259,0.0011570006608963013,0.020741939544677736,0.6456575989723206,0.6972721219062805,-0.3113483786582947,-0.11568552255630493,0.49233147501945498,0.8626856803894043,0.7548132538795471,-0.5209810733795166,0.3985418379306793]},{"Name":"Right Leg","CFrame":[0,1.1920928955078126e-7,2.9802322387695315e-8,0.9657170176506043,0.256087064743042,-0.042544733732938769,-0.2511959671974182,0.9631853699684143,0.0957835465669632,0.06550739705562592,-0.08181273937225342,0.9944925308227539]},{"Name":"HumanoidRootPart","CFrame":[0,0,0,1,0,0,0,1,0,0,0,1]},{"Name":"Torso","CFrame":[0,0.05869824066758156,0.25764819979667666,1,0,0,0,0.975016713142395,0.2221314162015915,0,-0.2221314162015915,0.975016713142395]}]},{"Time":0.3499999940395355,"Poses":[{"Name":"Torso","CFrame":[0,0,0,1,0,0,0,1,0,0,0,1]},{"Name":"Left Leg","CFrame":[-0.8453816175460815,0.8188216686248779,-0.07817050814628601,0.9858536124229431,-0.12262602150440216,0.11426041275262833,0.09658505022525788,0.9727780222892761,0.21065185964107514,-0.13698142766952516,-0.19663606584072114,0.9708606004714966]},{"Name":"Head","CFrame":[0,0.00007110834121704102,-0.0000966787338256836,1,0,0,0,0.808953046798706,-0.5878732800483704,0,0.5878732800483704,0.808953046798706]},{"Name":"Right Arm","CFrame":[0.015836060047149659,0.004140675067901611,0.019262075424194337,0.7544788718223572,-0.6456894278526306,0.11767244338989258,0.11796224117279053,0.3097769618034363,0.9434633255004883,-0.6456365585327148,-0.6979422569274902,0.309887170791626]},{"Name":"Left Arm","CFrame":[-0.026253700256347657,0.0012634247541427613,0.02265065908432007,0.6456575989723206,0.6972721219062805,-0.3113483786582947,-0.11568552255630493,0.49233147501945498,0.8626856803894043,0.7548132538795471,-0.5209810733795166,0.3985418379306793]},{"Name":"Right Leg","CFrame":[5.960464477539063e-8,0,0,0.965721845626831,0.25606900453567507,-0.042544737458229068,-0.25117796659469607,0.9631901383399963,0.09578356146812439,0.06550586968660355,-0.08181397616863251,0.9944925904273987]},{"Name":"HumanoidRootPart","CFrame":[0,0,0,1,0,0,0,1,0,0,0,1]},{"Name":"Torso","CFrame":[0,0.05905082821846008,0.25919586420059206,1,0,0,0,0.975016713142395,0.2221314162015915,0,-0.2221314162015915,0.975016713142395]}]},{"Time":0.36666667461395266,"Poses":[{"Name":"Torso","CFrame":[0,0,0,1,0,0,0,1,0,0,0,1]},{"Name":"Left Leg","CFrame":[-0.8457249999046326,0.8226761817932129,-0.07896643877029419,0.9854421019554138,-0.12589065730571748,0.11426042020320893,0.0998065248131752,0.9724528193473816,0.21065185964107514,-0.13763196766376496,-0.1961812824010849,0.9708606004714966]},{"Name":"Head","CFrame":[0,0.00007486343383789063,-0.00010156631469726563,1,0,0,0,0.8082692623138428,-0.588813066482544,0,0.588813066482544,0.8082692623138428]},{"Name":"Right Arm","CFrame":[0.017206549644470216,0.004498988389968872,0.020929157733917238,0.7544788718223572,-0.6456894278526306,0.11767244338989258,0.11796224117279053,0.3097769618034363,0.9434633255004883,-0.6456365585327148,-0.6979422569274902,0.309887170791626]},{"Name":"Left Arm","CFrame":[-0.02852576971054077,0.0013727545738220215,0.024610936641693116,0.6456575989723206,0.6972721219062805,-0.3113483786582947,-0.11568552255630493,0.49233150482177737,0.8626856207847595,0.7548132538795471,-0.5209810137748718,0.3985418677330017]},{"Name":"Right Leg","CFrame":[2.9802322387695315e-8,0,0,0.9657267928123474,0.2560504078865051,-0.04254474490880966,-0.2511594295501709,0.9631949663162231,0.09578356146812439,0.0655042976140976,-0.08181522786617279,0.9944925904273987]},{"Name":"HumanoidRootPart","CFrame":[0,0,0,1,0,0,0,1,0,0,0,1]},{"Name":"Torso","CFrame":[0,0.059412963688373569,0.26078540086746218,1,0,0,0,0.975016713142395,0.2221314162015915,0,-0.2221314162015915,0.975016713142395]}]},{"Time":0.38333332538604739,"Poses":[{"Name":"Torso","CFrame":[0,0,0,1,0,0,0,1,0,0,0,1]},{"Name":"Left Leg","CFrame":[-0.8460747599601746,0.8266105651855469,-0.07977890968322754,0.9850096106529236,-0.12923084199428559,0.11426039785146713,0.10310282558202744,0.9721088409423828,0.21065185964107514,-0.13829626142978669,-0.19571353495121003,0.9708606600761414]},{"Name":"Head","CFrame":[0,0.0000782012939453125,-0.00010606646537780762,1,0,0,0,0.8075683116912842,-0.5897740125656128,0,0.5897740125656128,0.8075683116912842]},{"Name":"Right Arm","CFrame":[0.01860937476158142,0.004865854978561401,0.022635459899902345,0.7544788122177124,-0.6456894874572754,0.11767241358757019,0.1179623007774353,0.3097769021987915,0.9434633851051331,-0.6456365585327148,-0.6979421973228455,0.309887170791626]},{"Name":"Left Arm","CFrame":[-0.03085148334503174,0.001484706997871399,0.02661752700805664,0.6456575989723206,0.6972721219062805,-0.3113483786582947,-0.11568552255630493,0.49233147501945498,0.8626856803894043,0.7548132538795471,-0.5209810733795166,0.3985418379306793]},{"Name":"Right Leg","CFrame":[7.450580596923828e-8,0,2.9802322387695315e-8,0.9657317399978638,0.2560313940048218,-0.04254474118351936,-0.2511404752731323,0.9631998538970947,0.09578355401754379,0.06550268828868866,-0.08181651681661606,0.9944925308227539]},{"Name":"HumanoidRootPart","CFrame":[0,0,0,1,0,0,0,1,0,0,0,1]},{"Name":"Torso","CFrame":[0,0.05978363752365112,0.262412428855896,1,0,0,0,0.975016713142395,0.2221314162015915,0,-0.2221314162015915,0.975016713142395]}]},{"Time":0.4000000059604645,"Poses":[{"Name":"Torso","CFrame":[0,0,0,1,0,0,0,1,0,0,0,1]},{"Name":"Left Leg","CFrame":[-0.8464301824569702,0.830613374710083,-0.08060559630393982,0.9845566749572754,-0.13263733685016633,0.11426039785146713,0.10646484792232514,0.9717463254928589,0.21065187454223634,-0.1389724314212799,-0.1952340006828308,0.9708606004714966]},{"Name":"Head","CFrame":[0,0.00008121132850646973,-0.0001100003719329834,1,0,0,0,0.8068519234657288,-0.590753