[{"Time":0,"Poses":[{"Name":"HumanoidRootPart","CFrame":[0,0,0,1,0,0,0,1,0,0,0,1]},{"Name":"Torso","CFrame":[-0.0020747482776641847,-0.0571378692984581,-0.00964665599167347,0.6559670567512512,-0.7537461519241333,-0.039674729108810428,0.7545142769813538,0.6534017324447632,0.0614369660615921,-0.020384326577186586,-0.07023576647043228,0.9973222017288208]},{"Name":"Right Arm","CFrame":[-0.48328685760498049,-0.2683810591697693,0.0061359703540802,0.9012534022331238,-0.33495768904685976,0.27485597133636477,0.3190471827983856,0.942223310470581,0.10209917277097702,-0.2931745648384094,-0.004325329791754484,0.9560492038726807]},{"Name":"NurbsPath.010","CFrame":[0,0,0,1,0,0,0,1,0,0,0,1]},{"Name":"Left Arm","CFrame":[0.17380404472351075,-0.23763561248779298,0.11623424291610718,0.8791512846946716,0.4060242772102356,-0.24947431683540345,-0.3441101908683777,0.9030491709709168,0.25708046555519106,0.32966846227645876,-0.14016616344451905,0.9336339831352234]},{"Name":"Handle","CFrame":[0,0,0,0.9638302326202393,0.2665169835090637,0,-0.2665169835090637,0.9638302326202393,0,0,0,1]},{"Name":"Left Leg","CFrame":[-0.10443556308746338,0.06630212068557739,0.18081256747245789,0.9325266480445862,-0.3401341140270233,0.1212553083896637,0.27060624957084658,0.8805886507034302,0.38901931047439577,-0.23909470438957215,-0.32995840907096865,0.9132148027420044]},{"Name":"Head","CFrame":[2.2351741790771486e-8,-4.470348358154297e-8,0.016662180423736573,0.6890711188316345,0.7213109135627747,-0.06993979960680008,-0.7084543704986572,0.6501693725585938,-0.274539977312088,-0.15255597233772279,0.23872661590576173,0.9590288400650024]},{"Name":"Right Leg","CFrame":[-0.12859481573104859,-0.011594176292419434,0.2809324264526367,0.6811367869377136,0.000116735725896433,-0.7321561574935913,0.15710516273975373,0.9766834378242493,0.14631322026252747,0.7151018381118774,-0.21468490362167359,0.6652367115020752]}]},{"Time":0.01666666753590107,"Poses":[{"Name":"HumanoidRootPart","CFrame":[0,0,0,1,0,0,0,1,0,0,0,1]},{"Name":"Torso","CFrame":[-0.006762003526091576,-0.05779466778039932,-0.009791611693799496,0.655868649482727,-0.7538007497787476,-0.04026077315211296,0.75461345911026,0.6533040404319763,0.06125737354159355,-0.019873330369591714,-0.07055812329053879,0.997309684753418]},{"Name":"Right Arm","CFrame":[-0.48328572511672976,-0.268379807472229,0.006138801574707031,0.9012592434883118,-0.33491402864456179,0.2748900353908539,0.3190290033817291,0.9422392249107361,0.10200907289981842,-0.2931763529777527,-0.004238813649863005,0.9560490846633911]},{"Name":"NurbsPath.010","CFrame":[0,0,0,1,0,0,0,1,0,0,0,1]},{"Name":"Left Arm","CFrame":[0.1875925213098526,-0.2360723912715912,0.11532837152481079,0.8797146677970886,0.40525588393211367,-0.24873676896095277,-0.34349489212036135,0.9033318758010864,0.2569100856781006,0.3288061022758484,-0.1405678689479828,0.9338775873184204]},{"Name":"Handle","CFrame":[0,0,0,0.9642616510391235,0.2649517059326172,0,-0.2649517059326172,0.9642616510391235,0,0,0,1]},{"Name":"Left Leg","CFrame":[-0.10273623466491699,0.06680303812026978,0.17994257807731629,0.9333894848823547,-0.33790042996406557,0.12086189538240433,0.2684103846549988,0.8808853626251221,0.38986754417419436,-0.23820193111896516,-0.33145764470100405,0.9129050970077515]},{"Name":"Head","CFrame":[0.0000665709376335144,-0.00009238719940185547,0.016658365726470948,0.688990592956543,0.7214364409446716,-0.06943751871585846,-0.7083866596221924,0.6500623822212219,-0.2749677002429962,-0.15323299169540406,0.23863878846168519,0.9589428305625916]},{"Name":"Right Leg","CFrame":[-0.12676452100276948,-0.010879158973693848,0.2829982042312622,0.6811246871948242,0.00002256035259051714,-0.7321674823760986,0.15566684305667878,0.9771324992179871,0.14484474062919618,0.7154279351234436,-0.21263162791728974,0.6655455827713013]}]},{"Time":0.03333333507180214,"Poses":[{"Name":"HumanoidRootPart","CFrame":[0,0,0,1,0,0,0,1,0,0,0,1]},{"Name":"Torso","CFrame":[-0.01123688742518425,-0.05835682153701782,-0.01021504309028387,0.6555935740470886,-0.7540047764778137,-0.040912169963121417,0.7548637986183167,0.6530188322067261,0.06121445819735527,-0.019439570605754854,-0.07101491093635559,0.997285783290863]},{"Name":"Right Arm","CFrame":[-0.4832817614078522,-0.2683771848678589,0.006147146224975586,0.9012784361839294,-0.3347803056240082,0.274989515542984,0.31896936893463137,0.9422878623008728,0.10174641013145447,-0.29318204522132876,-0.00398868415504694,0.9560484290122986]},{"Name":"NurbsPath.010","CFrame":[0,0,0,1,0,0,0,1,0,0,0,1]},{"Name":"Left Arm","CFrame":[0.20011338591575623,-0.23467013239860536,0.11280494928359986,0.8813679218292236,0.40298712253570559,-0.2465607225894928,-0.3416788578033447,0.9041620492935181,0.2564106285572052,0.32626083493232729,-0.1417478322982788,0.9345916509628296]},{"Name":"Handle","CFrame":[0,0,0,0.9655390977859497,0.2602579593658447,0,-0.2602579593658447,0.9655390977859497,0,0,0,1]},{"Name":"Left Leg","CFrame":[-0.10166798532009125,0.06743907928466797,0.17886081337928773,0.934161365032196,-0.3360029458999634,0.12018592655658722,0.2665911018848419,0.8809933066368103,0.3908710181713104,-0.23721686005592347,-0.3330959975719452,0.9125652313232422]},{"Name":"Head","CFrame":[0.0002608373761177063,-0.0003629028797149658,0.016648173332214357,0.6888902187347412,0.7215745449066162,-0.06899568438529968,-0.7082874774932861,0.6498379111289978,-0.27575305104255679,-0.1541403830051422,0.23883232474327088,0.9587491154670715]},{"Name":"Right Leg","CFrame":[-0.12463730573654175,-0.009806990623474121,0.28537267446517947,0.6809647083282471,0.0005441679386422038,-0.7323159575462341,0.15372420847415925,0.9776132106781006,0.14367122948169709,0.7159999012947083,-0.2104097306728363,0.6656364798545837]}]},{"Time":0.05000000074505806,"Poses":[{"Name":"HumanoidRootPart","CFrame":[0,0,0,1,0,0,0,1,0,0,0,1]},{"Name":"Torso","CFrame":[-0.015526827424764634,-0.05883276090025902,-0.010895252227783203,0.6551481485366821,-0.7543532848358154,-0.041618235409259799,0.7552593350410461,0.6525533199310303,0.06129834055900574,-0.019082479178905488,-0.0715920701622963,0.9972514510154724]},{"Name":"Right Arm","CFrame":[-0.48327526450157168,-0.2683717608451843,0.006160318851470947,0.9013134241104126,-0.3345530331134796,0.27515149116516116,0.31886109709739687,0.9423700571060181,0.10132236033678055,-0.2931922376155853,-0.0035882527008652689,0.9560467600822449]},{"Name":"NurbsPath.010","CFrame":[0,0,0,1,0,0,0,1,0,0,0,1]},{"Name":"Left Arm","CFrame":[0.21150004863739015,-0.23340344429016114,0.10895383358001709,0.8840474486351013,0.39926618337631228,-0.24299576878547669,-0.3387022018432617,0.9055096507072449,0.2556034326553345,0.32208865880966189,-0.14366252720355988,0.9357457160949707]},{"Name":"Handle","CFrame":[0,0,0,0.9676120281219482,0.25244200229644778,0,-0.25244200229644778,0.9676120281219482,0,0,0,1]},{"Name":"Left Leg","CFrame":[-0.10117459297180176,0.0682135820388794,0.17756645381450654,0.9348607063293457,-0.33439090847969057,0.11923961341381073,0.26509734988212588,0.8809290528297424,0.3920300006866455,-0.2361329197883606,-0.3348832428455353,0.9121921062469482]},{"Name":"Head","CFrame":[0.0005755387246608734,-0.0008007735013961792,0.016630887985229493,0.6887696981430054,0.7217260003089905,-0.06861474364995957,-0.7081595063209534,0.6495001912117004,-0.27687495946884158,-0.15526260435581208,0.23929327726364137,0.9584530591964722]},{"Name":"Right Leg","CFrame":[-0.12226793169975281,-0.008426308631896973,0.2880113124847412,0.6806579232215881,0.0016155687626451254,-0.7325996160507202,0.15133027732372285,0.9781203269958496,0.14275796711444856,0.7168011665344238,-0.20803380012512208,0.6655209064483643]}]},{"Time":0.06666667014360428,"Poses":[{"Name":"HumanoidRootPart","CFrame":[0,0,0,1,0,0,0,1,0,0,0,1]},{"Name":"Torso","CFrame":[-0.01965945027768612,-0.059230856597423556,-0.011809350922703743,0.6545383334159851,-0.7548408508300781,-0.042368415743112567,0.7557951211929321,0.6519138813018799,0.06149924919009209,-0.018801571801304818,-0.07227545976638794,0.997207522392273]},{"Name":"Right Arm","CFrame":[-0.48326581716537478,-0.26836442947387698,0.006178051233291626,0.9013665318489075,-0.33422836661338808,0.27537211775779726,0.31869688630104067,0.9424872398376465,0.10074833035469055,-0.29320767521858218,-0.003050839062780142,0.9560438990592957]},{"Name":"NurbsPath.010","CFrame":[0,0,0,1,0,0,0,1,0,0,0,1]},{"Name":"Left Arm","CFrame":[0.2218848466873169,-0.2322511374950409,0.10406666994094849,0.8876785039901733,0.39413413405418398,-0.2380867302417755,-0.3345997929573059,0.9073396325111389,0.2545149028301239,0.31633859872817995,-0.14626368880271913,0.9373030662536621]},{"Name":"Handle","CFrame":[0,0,0,0.9703969955444336,0.24151547253131867,0,-0.24151547253131867,0.9703969955444336,0,0,0,1]},{"Name":"Left Leg","CFrame":[-0.10120072960853577,0.06912904977798462,0.17606158554553986,0.9355049133300781,-0.3330140709877014,0.1180352047085762,0.2638789713382721,0.8807089924812317,0.39334407448768618,-0.23494374752044679,-0.3368282616138458,0.9117829203605652]},{"Name":"Head","CFrame":[0.0010030195116996766,-0.0013957619667053223,0.016608446836471559,0.6886281371116638,0.7218914031982422,-0.06829531490802765,-0.7080062031745911,0.6490527987480164,-0.2783120572566986,-0.15658384561538697,0.2400069683790207,0.9580596685409546]},{"Name":"Right Leg","CFrame":[-0.11969108879566193,-0.006775259971618652,0.2908921539783478,0.6802050471305847,0.0031824924517422916,-0.7330150008201599,0.14852073788642884,0.9786509871482849,0.14206956326961518,0.7178181409835815,-0.20550435781478883,0.6652107238769531]}]},{"Time":0.0833333358168602,"Poses":[{"Name":"HumanoidRootPart","CFrame":[0,0,0,1,0,0,0,1,0,0,0,1]},{"Name":"Torso","CFrame":[-0.0236622653901577,-0.05955945700407028,-0.012935162521898747,0.6537696123123169,-0.7554622292518616,-0.04315219074487686,0.7564651370048523,0.6511070728302002,0.061807312071323398,-0.01859639585018158,-0.07305087149143219,0.9971548914909363]},{"Name":"Right Arm","CFrame":[-0.48325315117836,-0.26835519075393679,0.006200045347213745,0.901439905166626,-0.333802729845047,0.2756481170654297,0.31846949458122256,0.9426398873329163,0.10003547370433808,-0.29322904348373415,-0.0023905369453132154,0.956039309501648]},{"Name":"NurbsPath.010","CFrame":[0,0,0,1,0,0,0,1,0,0,0,1]},{"Name":"Left Arm","CFrame":[0.23139959573745728,-0.23119106888771058,0.09843391180038452,0.8921774625778198,0.38762614130973818,-0.2318742275238037,-0.329402357339859,0.9096135497093201,0.25317424535751345,0.30905282497406008,-0.14949661493301392,0.9392216801643372]},{"Name":"Handle","CFrame":[0,0,0,0.9737789034843445,0.22749653458595277,0,-0.22749653458595277,0.9737789034843445,0,0,0,1]},{"Name":"Left Leg","CFrame":[-0.10168647766113281,0.07018357515335083,0.17434102296829225,0.9361103177070618,-0.3318217992782593,0.11658483743667603,0.26288488507270815,0.8803480863571167,0.3948148190975189,-0.23364339768886567,-0.33894187211990359,0.9113337993621826]},{"Name":"Head","CFrame":[0.0015358924865722657,-0.0021371692419052126,0.01657932996749878,0.6884647607803345,0.7220714688301086,-0.06803829967975617,-0.7078308463096619,0.6484994888305664,-0.2800428569316864,-0.1580881029367447,0.24095915257930757,0.9575734734535217]},{"Name":"Right Leg","CFrame":[-0.11694595217704773,-0.004894614219665527,0.293986052274704,0.6796054840087891,0.005187312141060829,-0.7335595488548279,0.14533579349517823,0.9792014360427856,0.14157059788703919,0.719036877155304,-0.202824667096138,0.6647166609764099]}]},{"Time":0.10000000149011612,"Poses":[{"Name":"HumanoidRootPart","CFrame":[0,0,0,1,0,0,0,1,0,0,0,1]},{"Name":"Torso","CFrame":[-0.027562983334064485,-0.05982697010040283,-0.014250755310058594,0.652847945690155,-0.7562124133110046,-0.0439591184258461,0.7572640180587769,0.6501392126083374,0.06221276894211769,-0.01846652291715145,-0.0739041417837143,0.9970943927764893]},{"Name":"Right Arm","CFrame":[-0.4832375645637512,-0.2683440148830414,0.0062255859375,0.9015359878540039,-0.3332720398902893,0.27597576379776,0.3181716203689575,0.9428293108940125,0.09919515997171402,-0.29325711727142336,-0.0016203314298763872,0.9560323357582092]},{"Name":"NurbsPath.010","CFrame":[0,0,0,1,0,0,0,1,0,0,0,1]},{"Name":"Left Arm","CFrame":[0.24017736315727235,-0.2302003800868988,0.09234684705734253,0.8974519371986389,0.379771888256073,-0.2243957817554474,-0.32313767075538638,0.9122893810272217,0.251615047454834,0.30027005076408389,-0.15330171585083009,0.9414544701576233]},{"Name":"Handle","CFrame":[0,0,0,0.9776127934455872,0.2104121297597885,0,-0.2104121297597885,0.9776127934455872,0,0,0,1]},{"Name":"Left Leg","CFrame":[-0.10257457196712494,0.07137864828109741,0.17240731418132783,0.9366936087608337,-0.33076128363609316,0.11490082740783692,0.26206350326538088,0.8798626661300659,0.39643973112106326,-0.23222382366657258,-0.3412311375141144,0.9108421802520752]},{"Name":"Head","CFrame":[0.0021665580570697786,-0.0030146390199661257,0.01654490828514099,0.6882790327072144,0.722266674041748,-0.06784451752901077,-0.7076361775398254,0.6478436589241028,-0.2820456624031067,-0.15975958108901978,0.24213534593582154,0.9569991827011108]},{"Name":"Right Leg","CFrame":[-0.11407379806041718,-0.002826213836669922,0.29726335406303408,0.6788591742515564,0.007571053691208363,-0.7342294454574585,0.14181792736053468,0.9797667860984802,0.14122603833675385,0.7204428315162659,-0.19999955594539643,0.6640500426292419]}]},{"Time":0.11666666716337204,"Poses":[{"Name":"HumanoidRootPart","CFrame":[0,0,0,1,0,0,0,1,0,0,0,1]},{"Name":"Torso","CFrame":[-0.03138924390077591,-0.06004166230559349,-0.01573324389755726,0.6517788171768189,-0.7570860385894775,-0.04477876052260399,0.758185625076294,0.6490166187286377,0.06270581483840943,-0.018411528319120408,-0.07482093572616577,0.9970270395278931]},{"Name":"Right Arm","CFrame":[-0.48321864008903506,-0.26833200454711916,0.00625455379486084,0.9016570448875427,-0.33263257145881655,0.27635177969932558,0.3177958130836487,0.9430562257766724,0.09823856502771378,-0.2932926118373871,-0.0007542239618487656,0.9560225009918213]},{"Name":"NurbsPath.010","CFrame":[0,0,0,1,0,0,0,1,0,0,0,1]},{"Name":"Left Arm","CFrame":[0.2483501136302948,-0.22925779223442079,0.08609730005264282,0.9034023284912109,0.37059879302978518,-0.21568726003170014,-0.31583109498023989,0.9153217077255249,0.24987344443798066,0.2900260388851166,-0.15761572122573853,0.943950355052948]},{"Name":"Handle","CFrame":[0,0,0,0.9817259907722473,0.19029997289180757,0,-0.19029997289180757,0.9817259907722473,0,0,0,1]},{"Name":"Left Leg","CFrame":[-0.1038045883178711,0.07271265983581543,0.17025506496429444,0.9372711777687073,-0.3297801911830902,0.11299549043178559,0.2613624930381775,0.8792665600776672,0.39822086691856387,-0.2306784838438034,-0.3437081575393677,0.9103033542633057]},{"Name":"Head","CFrame":[0.002887476235628128,-0.00401778519153595,0.016505807638168336,0.6880704164505005,0.7224776148796082,-0.06771522015333176,-0.7074252367019653,0.6470885872840881,-0.2842991352081299,-0.16158202290534974,0.24352124333381654,0.9563412666320801]},{"Name":"Right Leg","CFrame":[-0.11101669073104859,-0.0005393028259277344,0.30078834295272829,0.6779659390449524,0.010328874923288823,-0.7350208759307861,0.1379319727420807,0.9803536534309387,0.1410016119480133,0.7220368385314941,-0.1969771832227707,0.6632216572761536]}]},{"Time":0.13333334028720857,"Poses":[{"Name":"HumanoidRootPart","CFrame":[0,0,0,1,0,0,0,1,0,0,0,1]},{"Name":"Torso","CFrame":[-0.03516871854662895,-0.06021194905042648,-0.017360925674438478,0.6505680084228516,-0.7580777406692505,-0.045600712299346927,0.7592243552207947,0.6477457880973816,0.06327668577432633,-0.01843097247183323,-0.07578695565462113,0.9969536662101746]},{"Name":"Right Arm","CFrame":[-0.48319604992866518,-0.26831644773483279,0.006285756826400757,0.9018051028251648,-0.3318805694580078,0.2767719626426697,0.3173348009586334,0.9433213472366333,0.09717705100774765,-0.2933361530303955,0.0001945997792063281,0.9560093283653259]},{"Name":"NurbsPath.010","CFrame":[0,0,0,1,0,0,0,1,0,0,0,1]},{"Name":"Left Arm","CFrame":[0.25604966282844546,-0.22834056615829469,0.07997626066207886,0.9099220037460327,0.3601318597793579,-0.2057839035987854,-0.30750733613967898,0.9186626076698303,0.24798837304115296,0.27835437655448916,-0.16237027943134309,0.9466545581817627]},{"Name":"Handle","CFrame":[0,0,0,0.9859210252761841,0.16721157729625703,0,-0.16721157729625703,0.9859210252761841,0,0,0,1]},{"Name":"Left Leg","CFrame":[-0.10531377792358399,0.07418471574783325,0.16788536310195924,0.9378589987754822,-0.328824907541275,0.11088156700134278,0.2607293426990509,0.8785752654075623,0.4001571536064148,-0.2289995700120926,-0.3463807702064514,0.9097139835357666]},{"Name":"Head","CFrame":[0.0036911796778440477,-0.005136042833328247,0.016462504863739015,0.687838613986969,0.7227042317390442,-0.06765128672122956,-0.7072007656097412,0.646237850189209,-0.2867814600467682,-0.1635393649339676,0.24510248005390168,0.9556044340133667]},{"Name":"Right Leg","CFrame":[-0.10800492763519287,0.0017837285995483399,0.304353266954422,0.6769272089004517,0.013300662860274315,-0.7359297871589661,0.13386547565460206,0.9809374213218689,0.1408616453409195,0.7237746119499207,-0.19386866688728333,0.6622427105903626]}]},{"Time":0.15000000596046449,"Poses":[{"Name":"HumanoidRootPart","CFrame":[0,0,0,1,0,0,0,1,0,0,0,1]},{"Name":"Torso","CFrame":[-0.03892909735441208,-0.06034604460000992,-0.019110919907689096,0.6492213606834412,-0.7591820955276489,-0.04641454666852951,0.7603740096092224,0.6463329792022705,0.0639156699180603,-0.018524376675486566,-0.07678783684968949,0.9968754053115845]},{"Name":"Right Arm","CFrame":[-0.4831700921058655,-0.26829981803894045,0.006319582462310791,0.9019827842712402,-0.3310120701789856,0.2772333323955536,0.3167811334133148,0.9436257481575012,0.09602152556180954,-0.29338881373405459,0.0012124492786824704,0.9559924602508545]},{"Name":"NurbsPath.010","CFrame":[0,0,0,1,0,0,0,1,0,0,0,1]},{"Name":"Left Arm","CFrame":[0.263408362865448,-0.22742712497711183,0.0742754340171814,0.9168990254402161,0.34839650988578799,-0.19472098350524903,-0.2981909215450287,0.9222611784934998,0.24600063264369965,0.2652892768383026,-0.16749393939971925,0.9495090246200562]},{"Name":"Handle","CFrame":[0,0,0,0.9899790287017822,0.1412145048379898,0,-0.1412145048379898,0.9899790287017822,0,0,0,1]},{"Name":"Left Leg","CFrame":[-0.10704147815704346,0.07579362392425537,0.16529642045497895,0.938472330570221,-0.3278440535068512,0.10857230424880982,0.26011329889297488,0.8778024911880493,0.4022486209869385,-0.2271798849105835,-0.34925809502601626,0.9090700149536133]},{"Name":"Head","CFrame":[0.004570044577121735,-0.006358981132507324,0.016415029764175416,0.6875833868980408,0.7229468822479248,-0.06765390187501908,-0.7069658041000366,0.645295262336731,-0.2894710600376129,-0.16561542451381684,0.24686455726623536,0.9547929167747498]},{"Name":"Right Leg","CFrame":[-0.10498765110969544,0.004166364669799805,0.30801424384117129,0.675744354724884,0.016476094722747804,-0.7369518876075745,0.1295904964208603,0.9815241694450378,0.14077135920524598,0.7256555557250977,-0.19062748551368714,0.6611243486404419]}]},{"Time":0.1666666716337204,"Poses":[{"Name":"HumanoidRootPart","CFrame":[0,0,0,1,0,0,0,1,0,0,0,1]},{"Name":"Torso","CFrame":[-0.04269807040691376,-0.06045222282409668,-0.02096104808151722,0.6477439999580383,-0.7603939771652222,-0.04720988869667053,0.7616287469863892,0.6447843313217163,0.06461314857006073,-0.01869124546647072,-0.07780919224023819,0.9967930912971497]},{"Name":"Right Arm","CFrame":[-0.4831400513648987,-0.2682815492153168,0.006355315446853638,0.902191698551178,-0.33002346754074099,0.27773165702819826,0.316127747297287,0.9439700245857239,0.09478358179330826,-0.2934511601924896,0.002285582711920142,0.9559714198112488]},{"Name":"NurbsPath.010","CFrame":[0,0,0,1,0,0,0,1,0,0,0,1]},{"Name":"Left Arm","CFrame":[0.27055805921554568,-0.2264956533908844,0.0692870020866394,0.9242159724235535,0.3354188799858093,-0.18253546953201295,-0.28790807723999026,0.9260646104812622,0.24395346641540528,0.25086620450019839,-0.17291249334812165,0.9524533748626709]},{"Name":"Handle","CFrame":[0,0,0,0.9936635494232178,0.11239571124315262,0,-0.11239571124315262,0.9936635494232178,0,0,0,1]},{"Name":"Left Leg","CFrame":[-0.1089252233505249,0.07753622531890869,0.16248798370361329,0.9391275644302368,-0.32678231596946719,0.10607939213514328,0.25946134328842165,0.8769627809524536,0.40449482202529909,-0.22520948946475984,-0.35234883427619936,0.9083672165870667]},{"Name":"Head","CFrame":[0.005516573786735535,-0.007676109671592712,0.01636362075805664,0.6873041391372681,0.7232057452201843,-0.0677243024110794,-0.7067235708236694,0.644263505935669,-0.29234617948532107,-0.16779418289661408,0.24879302084445954,0.953911542892456]},{"Name":"Right Leg","CFrame":[-0.10200506448745728,0.0065680742263793949,0.31174394488334658,0.6744185090065002,0.01979796774685383,-0.7380837798118591,0.1251468062400818,0.9821115136146545,0.14069560170173646,0.7276661992073059,-0.1872566193342209,0.6598766446113586]}]},{"Time":0.18333333730697633,"Poses":[{"Name":"HumanoidRootPart","CFrame":[0,0,0,1,0,0,0,1,0,0,0,1]},{"Name":"Torso","CFrame":[-0.04650328308343887,-0.06053865700960159,-0.022888662293553354,0.6461418867111206,-0.7617080211639404,-0.047976285219192508,0.7629826068878174,0.6431064009666443,0.06535948067903519,-0.018930982798337938,-0.07883656024932862,0.9967078566551209]},{"Name":"Right Arm","CFrame":[-0.4831063747406006,-0.26826104521751406,0.006392240524291992,0.9024341106414795,-0.32891061902046206,0.27826350927352908,0.3153669834136963,0.9443549513816834,0.0934741199016571,-0.2935241758823395,0.003400887595489621,0.9559457302093506]},{"Name":"NurbsPath.010","CFrame":[0,0,0,1,0,0,0,1,0,0,0,1]},{"Name":"Left Arm","CFrame":[0.27763134241104128,-0.22552505135536195,0.06530255079269409,0.9317518472671509,0.3212275207042694,-0.16926808655261994,-0.27668625116348269,0.9300180673599243,0.24189087748527528,0.23512424528598786,-0.17854838073253632,0.9554250836372376]},{"Name":"Handle","CFrame":[0,0,0,0.9967251420021057,0.08086387068033219,0,-0.08086387068033219,0.9967251420021057,0,0,0,1]},{"Name":"Left Leg","CFrame":[-0.11090245842933655,0.07941001653671265,0.15945804119110108,0.939839780330658,-0.32558608055114748,0.10341589152812958,0.25872135162353518,0.8760700821876526,0.4068963825702667,-0.22307933866977693,-0.3556614816188812,0.907601535320282]},{"Name":"Head","CFrame":[0.006523421034216881,-0.009077027440071106,0.016309082508087159,0.6870008111000061,0.723480761051178,-0.06786336749792099,-0.7064769864082336,0.6431469917297363,-0.29538509249687197,-0.17005930840969087,0.25087371468544009,0.9529650211334229]},{"Name":"Right Leg","CFrame":[-0.0991116464138031,0.0089339017868042,0.31549888849258425,0.6729534268379211,0.023200085386633874,-0.7393209338188171,0.12058742344379425,0.982695460319519,0.1405998170375824,0.7297892570495606,-0.18377000093460084,0.658510684967041]}]},{"Time":0.20000000298023225,"Poses":[{"Name":"HumanoidRootPart","CFrame":[0,0,0,1,0,0,0,1,0,0,0,1]},{"Name":"Torso","CFrame":[-0.0503724068403244,-0.06061345338821411,-0.0248713456094265,0.644420325756073,-0.7631189823150635,-0.048703279346227649,0.7644292712211609,0.6413055062294006,0.0661451667547226,-0.01924295350909233,-0.0798555240035057,0.9966206550598145]},{"Name":"Right Arm","CFrame":[-0.48306843638420107,-0.2682390809059143,0.006430119276046753,0.9027121067047119,-0.3276699483394623,0.27882495522499087,0.3144915997982025,0.9447813630104065,0.09210442006587982,-0.29360851645469668,0.004544396884739399,0.9559149742126465]},{"Name":"NurbsPath.010","CFrame":[0,0,0,1,0,0,0,1,0,0,0,1]},{"Name":"Left Arm","CFrame":[0.2847602665424347,-0.22449234127998353,0.06261414289474487,0.9393829107284546,0.3058546483516693,-0.15496103465557099,-0.2645561993122101,0.9340654015541077,0.23985785245895387,0.21810536086559297,-0.1843225657939911,0.9583607912063599]},{"Name":"Handle","CFrame":[0,0,0,0.9989065527915955,0.04675165191292763,0,-0.04675165191292763,0.9989065527915955,0,0,0,1]},{"Name":"Left Leg","CFrame":[-0.11290955543518067,0.08141082525253296,0.1562112718820572,0.9406238794326782,-0.3242025673389435,0.10059530287981034,0.2578427493572235,0.875137984752655,0.409451425075531,-0.22078007459640504,-0.3592020273208618,0.9067690372467041]},{"Name":"Head","CFrame":[0.007582833990454674,-0.010551169514656067,0.016251981258392335,0.6866732835769653,0.7237721681594849,-0.06807218492031098,-0.7062292695045471,0.6419488787651062,-0.2985660433769226,-0.17239497601985932,0.2530920207500458,0.9519582390785217]},{"Name":"Right Leg","CFrame":[-0.09632521867752075,0.011238336563110352,0.31927263736724856,0.6713520288467407,0.026635970920324327,-0.740659773349762,0.11593545973300934,0.983276903629303,0.14044779539108277,0.7320146560668945,-0.18015876412391663,0.6570369005203247]}]},{"Time":0.21666666865348817,"Poses":[{"Name":"HumanoidRootPart","CFrame":[0,0,0,1,0,0,0,1,0,0,0,1]},{"Name":"Torso","CFrame":[-0.05433300882577896,-0.060684703290462497,-0.026886941865086557,0.6425850987434387,-0.7646214962005615,-0.049380410462617877,0.7659630179405212,0.6393880248069763,0.06696078926324845,-0.019626423716545106,-0.08085157722234726,0.9965329766273499]},{"Name":"Right Arm","CFrame":[-0.48302626609802248,-0.2682155966758728,0.006468772888183594,0.9030275344848633,-0.32629743218421938,0.2794126570224762,0.3134940266609192,0.9452499747276306,0.09068570286035538,-0.2937053143978119,0.005702442955225706,0.9558790922164917]},{"Name":"NurbsPath.010","CFrame":[0,0,0,1,0,0,0,1,0,0,0,1]},{"Name":"Left Arm","CFrame":[0.29207736253738406,-0.2233768105506897,0.06151396036148071,0.9469837546348572,0.28933778405189516,-0.13966244459152223,-0.25155267119407656,0.938149631023407,0.23789995908737184,0.19985763728618623,-0.19015519320964814,0.9611961245536804]},{"Name":"Handle","CFrame":[0,0,0,0.9999477863311768,0.010217821225523949,0,-0.010217821225523949,0.9999477863311768,0,0,0,1]},{"Name":"Left Leg","CFrame":[-0.11488360166549683,0.08353680372238159,0.15274423360824586,0.9414946436882019,-0.3225773572921753,0.09763116389513016,0.25677332282066347,0.8741798996925354,0.412161260843277,-0.21830110251903535,-0.36297860741615298,0.9058648943901062]},{"Name":"Head","CFrame":[0.008687378838658333,-0.012088224291801453,0.016192227602005006,0.6863211989402771,0.7240796089172363,-0.06835188716650009,-0.7059841156005859,0.6406734585762024,-0.3018675744533539,-0.17478491365909577,0.25543344020843508,0.9508964419364929]},{"Name":"Right Leg","CFrame":[-0.0936708152294159,0.013450264930725098,0.3230492174625397,0.6696195602416992,0.030055832117795945,-0.7420958280563355,0.11121992021799088,0.9838560223579407,0.14020512998104096,0.7343294620513916,-0.17642006278038026,0.6554663777351379]}]},{"Time":0.23333333432674409,"Poses":[{"Name":"HumanoidRootPart","CFrame":[0,0,0,1,0,0,0,1,0,0,0,1]},{"Name":"Torso","CFrame":[-0.058412738144397739,-0.06076035276055336,-0.02891254425048828,0.640641450881958,-0.7662107944488525,-0.049997132271528247,0.767577588558197,0.6373603940010071,0.0677969679236412,-0.020080573856830598,-0.08181024342775345,0.9964455962181091]},{"Name":"Right Arm","CFrame":[-0.482979953289032,-0.2681906819343567,0.006507277488708496,0.9033821821212769,-0.3247891962528229,0.2800227999687195,0.3123670518398285,0.9457616209983826,0.08922909200191498,-0.29381540417671206,0.006861933507025242,0.955837607383728]},{"Name":"NurbsPath.010","CFrame":[0,0,0,1,0,0,0,1,0,0,0,1]},{"Name":"Left Arm","CFrame":[0.29967138171195986,-0.22216540575027467,0.06131386756896973,0.9544291496276856,0.27171945571899416,-0.12342500686645508,-0.23771443963050843,0.9422135949134827,0.23606213927268983,0.18043528497219087,-0.19596485793590547,0.963867723941803]},{"Name":"Handle","CFrame":[0,0,0,0.9995923042297363,-0.028551746159791948,0,0.028551746159791948,0.9995923042297363,0,0,0,1]},{"Name":"Left Leg","CFrame":[-0.11675822734832764,0.08578115701675415,0.1490623652935028,0.9424664378166199,-0.32065561413764956,0.0945361852645874,0.2554621398448944,0.8732089996337891,0.4150242507457733,-0.2156296819448471,-0.36699599027633669,0.9048855900764465]},{"Name":"Head","CFrame":[0.00982954166829586,-0.013677507638931275,0.01613032817840576,0.6859441995620728,0.7244035005569458,-0.06870315968990326,-0.7057449817657471,0.639324426651001,-0.3052678108215332,-0.17721347510814668,0.25788360834121706,0.9497849345207214]},{"Name":"Right Leg","CFrame":[-0.09108021855354309,0.015611410140991211,0.32690414786338808,0.6677583456039429,0.033459290862083438,-0.743625819683075,0.1063961610198021,0.9844418168067932,0.13983601331710816,0.7367352247238159,-0.17249563336372376,0.6538092494010925]}]},{"Time":0.25,"Poses":[{"Name":"HumanoidRootPart","CFrame":[0,0,0,1,0,0,0,1,0,0,0,1]},{"Name":"Torso","CFrame":[-0.06263908743858338,-0.06084838882088661,-0.030925514176487924,0.6385951638221741,-0.7678813934326172,-0.05054285377264023,0.7692670226097107,0.6352293491363525,0.0686444342136383,-0.02060447260737419,-0.08271696418523789,0.9963600635528565]},{"Name":"Right Arm","CFrame":[-0.482928991317749,-0.26816320419311526,0.006545454263687134,0.9037779569625855,-0.3231413662433624,0.28065136075019839,0.3111031651496887,0.9463168382644653,0.08774593472480774,-0.29393935203552248,0.008008815348148346,0.9557905197143555]},{"Name":"NurbsPath.010","CFrame":[0,0,0,1,0,0,0,1,0,0,0,1]},{"Name":"Left Arm","CFrame":[0.3074537515640259,-0.220876544713974,0.06116354465484619,0.9615949988365173,0.2530492842197418,-0.10630714893341065,-0.2230856567621231,0.9462002515792847,0.2343885749578476,0.15989963710308076,-0.20167148113250733,0.9663130640983582]},{"Name":"Handle","CFrame":[0,0,0,0.9975928664207459,-0.0693434402346611,0,0.0693434402346611,0.9975928664207459,0,0,0,1]},{"Name":"Left Leg","CFrame":[-0.11847254633903504,0.08814144134521485,0.14517122507095338,0.9435527920722961,-0.31838348507881167,0.09132479876279831,0.2538582980632782,0.8722379207611084,0.4180396497249603,-0.21275389194488526,-0.37125882506370547,0.9038267731666565]},{"Name":"Head","CFrame":[0.011001771315932274,-0.015308693051338196,0.01606699824333191,0.6855424642562866,0.7247434854507446,-0.06912685930728913,-0.7055155038833618,0.6379061341285706,-0.30874526500701907,-0.17966468632221223,0.2604280412197113,0.9486294984817505]},{"Name":"Right Leg","CFrame":[-0.08876815438270569,0.017542600631713868,0.33064040541648867,0.6657792925834656,0.03669438511133194,-0.7452459335327148,0.1016421690583229,0.9850193858146668,0.1393042504787445,0.7391934394836426,-0.1684943437576294,0.6520758271217346]}]},{"Time":0.2666666805744171,"Poses":[{"Name":"HumanoidRootPart","CFrame":[0,0,0,1,0,0,0,1,0,0,0,1]},{"Name":"Torso","CFrame":[-0.06691556423902512,-0.06090366467833519,-0.03290176019072533,0.6364548802375794,-0.7696338891983032,-0.05088265240192413,0.7710191607475281,0.633001983165741,0.06955536454916,-0.021323343738913537,-0.08350034803152085,0.9962795972824097]},{"Name":"Right Arm","CFrame":[-0.48287340998649599,-0.26813527941703799,0.00658300518989563,0.904216468334198,-0.3213503956794739,0.28129491209983828,0.30969467759132388,0.946916401386261,0.08624701201915741,-0.29407817125320437,0.009129415266215802,0.9557377696037293]},{"Name":"NurbsPath.010","CFrame":[0,0,0,1,0,0,0,1,0,0,0,1]},{"Name":"Left Arm","CFrame":[0.3152921795845032,-0.21953865885734559,0.06111019849777222,0.9683604836463928,0.2333844006061554,-0.08837278932332993,-0.20771563053131104,0.9500535130500794,0.2329217791557312,0.13831929862499238,-0.20719590783119203,0.9684719443321228]},{"Name":"Handle","CFrame":[0,0,0,0.993717610836029,-0.11191638559103012,0,0.11191638559103012,0.993717610836029,0,0,0,1]},{"Name":"Left Leg","CFrame":[-0.11998268961906433,0.09074211120605469,0.14099878072738648,0.9447775483131409,-0.3156691789627075,0.08802583068609238,0.2518373131752014,0.8712290525436401,0.42135241627693179,-0.20969858765602113,-0.375916063785553,0.902614951133728]},{"Name":"Head","CFrame":[0.01219663955271244,-0.016971319913864137,0.016001969575881959,0.6851354837417603,0.7250690460205078,-0.0697445422410965,-0.7053132653236389,0.6364349722862244,-0.3122241497039795,-0.18199613690376283,0.263107568025589,0.9474449157714844]},{"Name":"Right Leg","CFrame":[-0.08680540323257446,0.019086837768554689,0.3342472314834595,0.6636832356452942,0.039637934416532519,-0.7469629049301148,0.09693390130996704,0.9856172204017639,0.1384289413690567,0.7417064905166626,-0.16427910327911378,0.6502953767776489]}]},{"Time":0.28333333134651186,"Poses":[{"Name":"HumanoidRootPart","CFrame":[0,0,0,1,0,0,0,1,0,0,0,1]},{"Name":"Torso","CFrame":[-0.07108081877231598,-0.06087227165699005,-0.034817930310964587,0.634230375289917,-0.7714663147926331,-0.05090853199362755,0.772821307182312,0.6306867003440857,0.07058043777942658,-0.0223431047052145,-0.08410745859146118,0.9962061643600464]},{"Name":"Right Arm","CFrame":[-0.4828130900859833,-0.26810482144355776,0.006619006395339966,0.9046992063522339,-0.31941184401512148,0.2819497585296631,0.30813416838645937,0.9475610256195068,0.08474379777908325,-0.29423272609710696,0.010210690088570118,0.9556792974472046]},{"Name":"NurbsPath.010","CFrame":[0,0,0,1,0,0,0,1,0,0,0,1]},{"Name":"Left Arm","CFrame":[0.3230546712875366,-0.21817833185195924,0.06120246648788452,0.9746094346046448,0.21278972923755647,-0.06969334930181503,-0.19165988266468049,0.9537193775177002,0.23170194029808045,0.11577160656452179,-0.21246176958084107,0.9702871441841126]},{"Name":"Handle","CFrame":[0,0,0,0.9877564907073975,-0.15600374341011048,0,0.15600374341011048,0.9877564907073975,0,0,0,1]},{"Name":"Left Leg","CFrame":[-0.12129926681518555,0.09366309642791748,0.1365112066268921,0.9461364150047302,-0.3125014305114746,0.08466920256614685,0.24936260282993318,0.8701410293579102,0.4250563979148865,-0.20650477707386018,-0.3810479938983917,0.9011982679367065]},{"Name":"Head","CFrame":[0.013406537473201752,-0.018654748797416688,0.015937387943267823,0.6847427487373352,0.7253513932228088,-0.07065857946872711,-0.705150842666626,0.6349249482154846,-0.3156464099884033,-0.1840917319059372,0.265961617231369,0.9462424516677856]},{"Name":"Right Leg","CFrame":[-0.0853300541639328,0.020069360733032228,0.337625116109848,0.6614762544631958,0.042180534452199939,-0.7487789988517761,0.09231378883123398,0.9862452149391174,0.1371082067489624,0.7442629337310791,-0.15981651842594148,0.6484838724136353]}]},{"Time":0.30000001192092898,"Poses":[{"Name":"HumanoidRootPart","CFrame":[0,0,0,1,0,0,0,1,0,0,0,1]},{"Name":"Torso","CFrame":[-0.07506506145000458,-0.0607488676905632,-0.036653999239206317,0.6319286823272705,-0.7733696699142456,-0.05065026879310608,0.7746662497520447,0.6282916069030762,0.07170826941728592,-0.023633867502212526,-0.08455154299736023,0.996138870716095]},{"Name":"Right Arm","CFrame":[-0.48274749517440798,-0.2680738568305969,0.006653547286987305,0.9052276611328125,-0.3173222839832306,0.2826120853424072,0.3064139485359192,0.9482511878013611,0.08324725180864334,-0.2944035530090332,0.011238359846174717,0.955615222454071]},{"Name":"NurbsPath.010","CFrame":[0,0,0,1,0,0,0,1,0,0,0,1]},{"Name":"Left Arm","CFrame":[0.33060938119888308,-0.21682441234588624,0.06148707866668701,0.9802322387695313,0.19133774936199189,-0.05034523457288742,-0.17497913539409638,0.9571462273597717,0.23076678812503816,0.0923420712351799,-0.2173958420753479,0.9717058539390564]},{"Name":"Handle","CFrame":[0,0,0,0.9795265793800354,-0.20131491124629975,0,0.20131491124629975,0.9795265793800354,0,0,0,1]},{"Name":"Left Leg","CFrame":[-0.12243218719959259,0.09683030843734741,0.13176053762435914,0.9476014971733093,-0.3089447021484375,0.08126873522996903,0.24651223421096803,0.8689780831336975,0.42907896637916567,-0.2031824290752411,-0.38656219840049746,0.8996036052703857]},{"Name":"Head","CFrame":[0.014623910188674927,-0.020348772406578065,0.015870869159698488,0.6843626499176025,0.7255940437316895,-0.07184020429849625,-0.7050254940986633,0.6333772540092468,-0.31901776790618899,-0.18597544729709626,0.2689729928970337,0.9450221061706543]},{"Name":"Right Leg","CFrame":[-0.08434081077575684,0.020520806312561036,0.34074029326438906,0.6591708064079285,0.04436022788286209,-0.7506837248802185,0.08781354874372482,0.9868882894515991,0.1354268342256546,0.746848464012146,-0.15518967807292939,0.6466325521469116]}]},{"Time":0.3166666626930237,"Poses":[{"Name":"HumanoidRootPart","CFrame":[0,0,0,1,0,0,0,1,0,0,0,1]},{"Name":"Torso","CFrame":[-0.07879841327667237,-0.06052827835083008,-0.03838920593261719,0.6295574903488159,-0.7753345370292664,-0.05013745278120041,0.7765463590621948,0.6258254647254944,0.07292721420526505,-0.025165701285004617,-0.08484592288732529,0.996076226234436]},{"Name":"Right Arm","CFrame":[-0.48267725110054018,-0.2680412530899048,0.006685793399810791,0.9058033227920532,-0.31507742404937746,0.2832784354686737,0.30452653765678408,0.948987603187561,0.08176888525485993,-0.2945913076400757,0.012199084274470806,0.9555454850196838]},{"Name":"NurbsPath.010","CFrame":[0,0,0,1,0,0,0,1,0,0,0,1]},{"Name":"Left Arm","CFrame":[0.33782491087913515,-0.2155032753944397,0.062011897563934329,0.9851279258728027,0.16911005973815919,-0.03041110932826996,-0.15774080157279969,0.9602857828140259,0.23014990985393525,0.0681239664554596,-0.22193025052547456,0.9726799726486206]},{"Name":"Handle","CFrame":[0,0,0,0.9688779711723328,-0.2475389689207077,0,0.2475389689207077,0.9688779711723328,0,0,0,1]},{"Name":"Left Leg","CFrame":[-0.12339670956134796,0.1001729965209961,0.12680333852767945,0.9491438269615173,-0.3050689399242401,0.07783952355384827,0.24336732923984528,0.8677456974983215,0.4333471953868866,-0.19974569976329804,-0.39236530661582949,0.8978592753410339]},{"Name":"Head","CFrame":[0.015841320157051088,-0.022042706608772279,0.015804797410964967,0.6839942336082459,0.7257993817329407,-0.0732608363032341,-0.7049336433410645,0.6317934989929199,-0.3223438262939453,-0.1876712292432785,0.2721254229545593,0.9437835216522217]},{"Name":"Right Leg","CFrame":[-0.08383335173130036,0.02048039436340332,0.34355929493904116,0.6567789316177368,0.046215638518333438,-0.752665638923645,0.08346618711948395,0.987531840801239,0.13346995413303376,0.7494497299194336,-0.1504824310541153,0.6447327733039856]}]},{"Time":0.3333333432674408,"Poses":[{"Name":"HumanoidRootPart","CFrame":[0,0,0,1,0,0,0,1,0,0,0,1]},{"Name":"Torso","CFrame":[-0.08221092820167542,-0.06020546704530716,-0.040003545582294467,0.6271235942840576,-0.7773516774177551,-0.04939970746636391,0.7784548997879028,0.6232966184616089,0.07422561198472977,-0.02690873295068741,-0.085004061460495,0.9960172772407532]},{"Name":"Right Arm","CFrame":[-0.4826015830039978,-0.2680065333843231,0.006715267896652222,0.9064271450042725,-0.3126738369464874,0.2839452624320984,0.30246439576148989,0.949770450592041,0.08031976222991944,-0.29479682445526125,0.01307923998683691,0.9554705023765564]},{"Name":"NurbsPath.010","CFrame":[0,0,0,1,0,0,0,1,0,0,0,1]},{"Name":"Left Arm","CFrame":[0.3445701003074646,-0.21424192190170289,0.0628238320350647,0.9892054796218872,0.14619538187980653,-0.009979991242289544,-0.1400170773267746,0.9630939364433289,0.2298806756734848,0.043219130486249927,-0.22600208222866059,0.9731676578521729]},{"Name":"Handle","CFrame":[0,0,0,0.9556981325149536,-0.29434868693351748,0,0.29434868693351748,0.9556981325149536,0,0,0,1]},{"Name":"Left Leg","CFrame":[-0.12420688569545746,0.10361921787261963,0.12169646471738816,0.950735330581665,-0.3009442687034607,0.07439703494310379,0.24000753462314607,0.8664519190788269,0.4377869665622711,-0.19621098041534425,-0.3983636498451233,0.8959953188896179]},{"Name":"Head","CFrame":[0.017051201313734056,-0.023726239800453187,0.01573982834815979,0.6836355924606323,0.7259707450866699,-0.0748918280005455,-0.7048720717430115,0.6301749348640442,-0.32563018798828127,-0.18920303881168366,0.2754015624523163,0.9425265192985535]},{"Name":"Right Leg","CFrame":[-0.08381575345993042,0.019972562789916993,0.3460323214530945,0.6543123722076416,0.04777997359633446,-0.7547134160995483,0.07931474596261978,0.9881617426872253,0.13132260739803315,0.7520535588264465,-0.14578594267368318,0.6427767872810364]}]},{"Time":0.3499999940395355,"Poses":[{"Name":"HumanoidRootPart","CFrame":[0,0,0,1,0