[{"Time":0,"Poses":[{"Name":"Torso","CFrame":[0,0,0,1,0,0,0,1,0,0,0,1]},{"Name":"Left Leg","CFrame":[-0.8413277864456177,0.7735087275505066,-0.06881582736968994,0.989823579788208,-0.0848156213760376,0.11426040530204773,0.05929401516914368,0.9757611751556397,0.21065184473991395,-0.1293574422597885,-0.20173321664333344,0.9708606004714966]},{"Name":"Head","CFrame":[0,0,0,1,0,0,0,0.8167734742164612,-0.5769585371017456,0,0.5769585371017456,0.8167734742164612]},{"Name":"Right Arm","CFrame":[0,-8.940696716308594e-8,-5.960464477539063e-8,0.7544788122177124,-0.6456894278526306,0.11767250299453736,0.11796227097511292,0.3097769021987915,0.9434633851051331,-0.6456365585327148,-0.6979421973228455,0.3098870515823364]},{"Name":"Left Arm","CFrame":[5.960464477539063e-8,2.9802322387695315e-8,0,0.6456576585769653,0.6972720623016357,-0.3113483786582947,-0.11568552255630493,0.49233147501945498,0.8626856803894043,0.7548133134841919,-0.5209811329841614,0.3985418677330017]},{"Name":"Right Leg","CFrame":[-1.4901161193847657e-8,0,0,0.9656648635864258,0.2562837302684784,-0.042544737458229068,-0.251392126083374,0.963134229183197,0.0957835465669632,0.06552405655384064,-0.08179939538240433,0.9944925904273987]},{"Name":"HumanoidRootPart","CFrame":[0,0,0,1,0,0,0,1,0,0,0,1]},{"Name":"Torso","CFrame":[0,0.05486647039651871,0.24082916975021363,1,0,0,0,0.9750167727470398,0.22213143110275269,0,-0.22213143110275269,0.9750167727470398]}]},{"Time":0.1666666716337204,"Poses":[{"Name":"Torso","CFrame":[0,0,0,1,0,0,0,1,0,0,0,1]},{"Name":"Left Leg","CFrame":[-0.8551526665687561,0.9325577616691589,-0.10169827938079834,0.9682625532150269,-0.22228816151618958,0.11426040530204773,0.19505201280117036,0.9579041600227356,0.21065184473991395,-0.1562759280204773,-0.18167957663536073,0.9708606004714966]},{"Name":"Head","CFrame":[0,0,8.940696716308594e-8,1,0,0,0,0.7874193787574768,-0.6164177060127258,0,0.6164177060127258,0.7874193787574768]},{"Name":"Right Arm","CFrame":[0.05800652503967285,0.015167145058512688,0.07055610418319702,0.6839536428451538,0.6292474865913391,-0.3691272437572479,-0.27033981680870058,0.688572883605957,0.6728920340538025,0.6775866746902466,-0.36043721437454226,0.6410626173019409]},{"Name":"Left Arm","CFrame":[-0.09616580605506897,0.0046279579401016239,0.08296817541122437,0.8758127689361572,-0.4566049575805664,0.15640905499458314,0.30449867248535159,0.7741540670394898,0.5549468994140625,-0.3744761645793915,-0.43840324878692629,0.8170497417449951]},{"Name":"Right Leg","CFrame":[1.012040615081787,0.5386465787887573,-0.008583784103393555,0.6839473247528076,0.7282898426055908,-0.042544737458229068,-0.7228000164031982,0.68438720703125,0.0957835465669632,0.0988752543926239,-0.03475956246256828,0.9944925904273987]},{"Name":"HumanoidRootPart","CFrame":[0,0,0,1,0,0,0,1,0,0,0,1]},{"Name":"Torso","CFrame":[0,0.10040342062711716,0.44070762395858767,1,0,0,0,0.9750167727470398,0.22213143110275269,0,-0.22213143110275269,0.9750167727470398]}]},{"Time":2,"Poses":[{"Name":"Torso","CFrame":[0,0,0,1,0,0,0,1,0,0,0,1]},{"Name":"Left Leg","CFrame":[-1.094301462173462,1.091212272644043,-0.10797679424285889,0.954302966594696,-0.27613428235054018,0.11426040530204773,0.24836108088493348,0.9454852938652039,0.21065184473991395,-0.16619974374771119,-0.1726478487253189,0.9708606004714966]},{"Name":"Head","CFrame":[0,0,0,1,0,0,0,0.8167734742164612,-0.5769585371017456,0,0.5769585371017456,0.8167734742164612]},{"Name":"Right Arm","CFrame":[-0.024960875511169435,-0.07387620210647583,0.1162475049495697,0.675597608089447,0.6382107138633728,-0.3691272437572479,-0.27939513325691225,0.6849486231803894,0.6728920340538025,0.6822801232337952,-0.3514719605445862,0.6410626173019409]},{"Name":"Left Arm","CFrame":[-0.022446662187576295,-0.09399281442165375,0.1358400583267212,0.8202921152114868,-0.5501426458358765,0.15640905499458314,0.387780100107193,0.7359758615493774,0.5549468994140625,-0.42041319608688357,-0.39456626772880556,0.8170497417449951]},{"Name":"Right Leg","CFrame":[1.0841413736343384,0.6064009666442871,-0.012024998664855957,0.6839473247528076,0.7282898426055908,-0.042544737458229068,-0.7228000164031982,0.68438720703125,0.0957835465669632,0.0988752543926239,-0.03475956246256828,0.9944925904273987]},{"Name":"HumanoidRootPart","CFrame":[0,0,0,1,0,0,0,1,0,0,0,1]},{"Name":"Torso","CFrame":[0,0.09062962979078293,0.397806853055954,1,0,0,0,0.9750167727470398,0.22213143110275269,0,-0.22213143110275269,0.9750167727470398]}]},{"Time":0.01666666753590107,"Poses":[{"Name":"Torso","CFrame":[0,0,0,1,0,0,0,1,0,0,0,1]},{"Name":"Left Leg","CFrame":[-0.8416970372200012,0.7776286602020264,-0.06966641545295716,0.9895268678665161,-0.08821079879999161,0.11426042765378952,0.06264110654592514,0.9755520820617676,0.21065190434455872,-0.13004876673221589,-0.20128831267356873,0.9708606004714966]},{"Name":"Head","CFrame":[0,0.000008493661880493164,-0.000011712312698364258,1,0,0,0,0.8160784244537354,-0.5779411196708679,0,0.5779411196708679,0.8160784244537354]},{"Name":"Right Arm","CFrame":[-0.004709094762802124,0.00295981764793396,-0.01600438356399536,0.778423547744751,-0.6170260310173035,0.11548066139221192,0.11880649626255036,0.32544857263565066,0.938066303730011,-0.6163942813873291,-0.7164930701255798,0.32664352655410769]},{"Name":"Left Arm","CFrame":[0.005343377590179443,0.003515899181365967,-0.010860025882720948,0.67027747631073,0.6742026805877686,-0.3101271986961365,-0.11329108476638794,0.5059621334075928,0.8550833463668823,0.7334120869636536,-0.5380085706710815,0.4155161678791046]},{"Name":"Right Leg","CFrame":[0.026362895965576173,0.016484618186950685,-0.000459820032119751,0.9620794653892517,0.2694310247898102,-0.042544737458229068,-0.2645053565502167,0.9596157670021057,0.0957835465669632,0.06663365662097931,-0.08089807629585266,0.9944925308227539]},{"Name":"HumanoidRootPart","CFrame":[0,0,0,1,0,0,0,1,0,0,0,1]},{"Name":"Torso","CFrame":[0,0.055980831384658816,0.2457205206155777,1,0,0,0,0.975016713142395,0.2221314013004303,0,-0.2221314013004303,0.975016713142395]}]},{"Time":0.03333333507180214,"Poses":[{"Name":"Torso","CFrame":[0,0,0,1,0,0,0,1,0,0,0,1]},{"Name":"Left Leg","CFrame":[-0.8427627682685852,0.7895205616950989,-0.07212111353874207,0.9885996580123901,-0.09805789589881897,0.11426042020320893,0.07235033810138703,0.9748801589012146,0.21065185964107514,-0.13204628229141236,-0.19998358190059663,0.9708606600761414]},{"Name":"Head","CFrame":[0,0.00003084540367126465,-0.00004220008850097656,1,0,0,0,0.8140547275543213,-0.5807881355285645,0,0.5807881355285645,0.8140547275543213]},{"Name":"Right Arm","CFrame":[-0.014341652393341065,0.011913090944290161,-0.05833005905151367,0.8417521119117737,-0.5294711589813232,0.10542170703411102,0.11770555377006531,0.3705688714981079,0.9213166236877441,-0.5268765091896057,-0.7631115913391113,0.37424880266189577]},{"Name":"Left Arm","CFrame":[0.01716288924217224,0.013544782996177674,-0.039600670337677,0.7375988364219666,0.6034184694290161,-0.30304157733917239,-0.10347786545753479,0.5445018410682678,0.8323521614074707,0.6672633290290833,-0.5825839042663574,0.464064359664917]},{"Name":"Right Leg","CFrame":[0.1025783121585846,0.06331652402877808,-0.0017099380493164063,0.9506633281707764,0.3072932958602905,-0.04254474490880966,-0.3022739887237549,0.9483965039253235,0.09578356146812439,0.06978292763233185,-0.07819774746894837,0.9944925904273987]},{"Name":"HumanoidRootPart","CFrame":[0,0,0,1,0,0,0,1,0,0,0,1]},{"Name":"Torso","CFrame":[0,0.059214863926172259,0.25991585850715639,1,0,0,0,0.975016713142395,0.2221314162015915,0,-0.2221314162015915,0.975016713142395]}]},{"Time":0.05000000074505806,"Poses":[{"Name":"Torso","CFrame":[0,0,0,1,0,0,0,1,0,0,0,1]},{"Name":"Left Leg","CFrame":[-0.8444029092788696,0.807850182056427,-0.07590514421463013,0.9869602918624878,-0.11337541788816452,0.11426041275262833,0.08745821565389633,0.973641037940979,0.21065187454223634,-0.135131374001503,-0.19791200757026673,0.9708606004714966]},{"Name":"Head","CFrame":[0,0.0000584721565246582,-0.00007981061935424805,1,0,0,0,0.8108829855918884,-0.5852083563804627,0,0.5852083563804627,0.8108829855918884]},{"Name":"Right Arm","CFrame":[-0.018685653805732728,0.026139378547668458,-0.11089062690734863,0.9205886125564575,-0.38243985176086428,0.0790977030992508,0.10553956031799317,0.43862903118133547,0.8924494981765747,-0.37600278854370119,-0.8132308721542358,0.4441593885421753]},{"Name":"Left Arm","CFrame":[0.025444000959396364,0.028046607971191407,-0.07524943351745606,0.8289380073547363,0.4832350015640259,-0.2816835641860962,-0.07992593944072724,0.6007646322250366,0.7954204082489014,0.553600549697876,-0.6368404626846314,0.5366196632385254]},{"Name":"Right Leg","CFrame":[0.22030597925186158,0.13330674171447755,-0.0034144818782806398,0.9299231767654419,0.3652845621109009,-0.04254474118351936,-0.36013513803482058,0.9279699325561523,0.0957835465669632,0.07446849346160889,-0.07374948263168335,0.9944925308227539]},{"Name":"HumanoidRootPart","CFrame":[0,0,0,1,0,0,0,1,0,0,0,1]},{"Name":"Torso","CFrame":[0,0.06425197422504425,0.28202560544013979,1,0,0,0,0.975016713142395,0.2221314162015915,0,-0.2221314162015915,0.975016713142395]}]},{"Time":0.06666667014360428,"Poses":[{"Name":"Torso","CFrame":[0,0,0,1,0,0,0,1,0,0,0,1]},{"Name":"Left Leg","CFrame":[-0.8464301824569702,0.830613374710083,-0.08060559630393982,0.9845566749572754,-0.13263733685016633,0.11426039785146713,0.10646484792232514,0.9717463254928589,0.21065187454223634,-0.1389724314212799,-0.1952340006828308,0.9708606004714966]},{"Name":"Head","CFrame":[0,0.00008121132850646973,-0.0001100003719329834,1,0,0,0,0.8068519234657288,-0.5907537341117859,0,0.5907537341117859,0.8068519234657288]},{"Name":"Right Arm","CFrame":[-0.009592637419700623,0.0424085408449173,-0.15140289068222047,0.982269287109375,-0.18526606261730195,0.02869761735200882,0.07270844280719757,0.5175559520721436,0.8525545597076416,-0.17280206084251405,-0.8353515863418579,0.5218497514724731]},{"Name":"Left Arm","CFrame":[0.020784854888916017,0.04280266910791397,-0.10226190090179444,0.9175711274147034,0.3187161087989807,-0.23766210675239564,-0.03676392138004303,0.6632426977157593,0.7475008964538574,0.3958682119846344,-0.6771478652954102,0.6202896237373352]},{"Name":"Right Leg","CFrame":[0.3666483163833618,0.2164890170097351,-0.005165606737136841,0.8987683057785034,0.43635469675064089,-0.04254474118351936,-0.43106919527053835,0.8972206115722656,0.09578358381986618,0.07996763288974762,-0.06774752587080002,0.9944925308227539]},{"Name":"HumanoidRootPart","CFrame":[0,0,0,1,0,0,0,1,0,0,0,1]},{"Name":"Torso","CFrame":[0,0.07059909403324127,0.3098854720592499,1,0,0,0,0.975016713142395,0.2221314162015915,0,-0.2221314162015915,0.975016713142395]}]},{"Time":0.0833333358168602,"Poses":[{"Name":"Torso","CFrame":[0,0,0,1,0,0,0,1,0,0,0,1]},{"Name":"Left Leg","CFrame":[-0.84861820936203,0.8554129600524902,-0.08572900295257569,0.9814531207084656,-0.15392987430095673,0.11426042020320893,0.12748606503009797,0.9692126512527466,0.21065187454223634,-0.14316825568675996,-0.19217830896377564,0.9708606600761414]},{"Name":"Head","CFrame":[0,0.0000902712345123291,-0.00012123584747314453,1,0,0,0,0.8023389577865601,-0.5968686938285828,0,0.5968686938285828,0.8023389577865601]},{"Name":"Right Arm","CFrame":[0.0122738778591156,0.054874494671821597,-0.16005712747573853,0.998211145401001,0.03741049766540527,-0.04663706570863724,0.01548643410205841,0.5916357040405273,0.8060566186904907,0.05774713307619095,-0.8053369522094727,0.5899980068206787]},{"Name":"Left Arm","CFrame":[0.0006265938282012939,0.05214617773890495,-0.10619497299194336,0.9775183200836182,0.12663760781288148,-0.1685846894979477,0.026690103113651277,0.7187977433204651,0.6947067975997925,0.20915429294109345,-0.6835881471633911,0.699258029460907]},{"Name":"Right Leg","CFrame":[0.5257760882377625,0.30238115787506106,-0.006630629301071167,0.8579058647155762,0.5120424628257752,-0.04254473000764847,-0.5066434741020203,0.8568184971809387,0.09578355401754379,0.08549835532903671,-0.06061825901269913,0.9944925904273987]},{"Name":"HumanoidRootPart","CFrame":[0,0,0,1,0,0,0,1,0,0,0,1]},{"Name":"Torso","CFrame":[0,0.07763495296239853,0.34076839685440066,1,0,0,0,0.975016713142395,0.2221314162015915,0,-0.2221314162015915,0.975016713142395]}]},{"Time":0.10000000149011612,"Poses":[{"Name":"Torso","CFrame":[0,0,0,1,0,0,0,1,0,0,0,1]},{"Name":"Left Leg","CFrame":[-0.8507338166236877,0.8797581195831299,-0.09076222777366638,0.9778890013694763,-0.17515017092227937,0.11426042020320893,0.14844746887683869,0.9662241339683533,0.21065187454223634,-0.14729689061641694,-0.18903249502182008,0.9708606004714966]},{"Name":"Head","CFrame":[0,0.0000820159912109375,-0.0001093745231628418,1,0,0,0,0.7977797985076904,-0.6029489636421204,0,0.6029489636421204,0.7977797985076904]},{"Name":"Right Arm","CFrame":[0.0374990850687027,0.05784600228071213,-0.12949496507644654,0.9581406116485596,0.2509258985519409,-0.1378503143787384,-0.06014068424701691,0.6471526622772217,0.75998455286026,0.27990999817848208,-0.7198817133903503,0.635154128074646]},{"Name":"Left Arm","CFrame":[-0.02919783815741539,0.051600635051727298,-0.08082157373428345,0.9944456219673157,-0.06669183075428009,-0.08142583072185517,0.10358230769634247,0.75737464427948,0.6447126865386963,0.018672797828912736,-0.6495659351348877,0.7600759863853455]},{"Name":"Right Leg","CFrame":[0.6811086535453796,0.3819226026535034,-0.007646441459655762,0.8106846213340759,0.5839352011680603,-0.04254472255706787,-0.5784626603126526,0.8100656867027283,0.0957835465669632,0.09039540588855744,-0.05303971469402313,0.9944925308227539]},{"Name":"HumanoidRootPart","CFrame":[0,0,0,1,0,0,0,1,0,0,0,1]},{"Name":"Torso","CFrame":[0,0.084670789539814,0.3716513216495514,1,0,0,0,0.975016713142395,0.2221314162015915,0,-0.2221314162015915,0.975016713142395]}]},{"Time":0.11666666716337204,"Poses":[{"Name":"Torso","CFrame":[0,0,0,1,0,0,0,1,0,0,0,1]},{"Name":"Left Leg","CFrame":[-0.8525722026824951,0.9013311266899109,-0.09522661566734314,0.9742802381515503,-0.1942230463027954,0.11426041275262833,0.16729754209518434,0.9631392955780029,0.21065184473991395,-0.15096214413642884,-0.1861184537410736,0.9708606004714966]},{"Name":"Head","CFrame":[0,0.000059604644775390628,-0.00007894635200500488,1,0,0,0,0.7936273813247681,-0.6084041595458984,0,0.6084041595458984,0.7936273813247681]},{"Name":"Right Arm","CFrame":[0.055219292640686038,0.04972778260707855,-0.0692756175994873,0.8759476542472839,0.42456820607185366,-0.22903627157211305,-0.1402474343776703,0.6783987879753113,0.7211836576461792,0.46156954765319826,-0.5995974540710449,0.6537864208221436]},{"Name":"Left Arm","CFrame":[-0.058796048164367679,0.04084295406937599,-0.032223284244537356,0.9720869660377502,-0.2344384342432022,0.009246088564395905,0.18141476809978486,0.776049017906189,0.6040170192718506,-0.1487802267074585,-0.585479736328125,0.796917736530304]},{"Name":"Right Leg","CFrame":[0.8175374865531921,0.44851619005203249,-0.008223861455917359,0.7629199028015137,0.645091712474823,-0.042544737458229068,-0.6395875811576843,0.7627275586128235,0.09578356891870499,0.09423922002315521,-0.04586411267518997,0.9944925904273987]},{"Name":"HumanoidRootPart","CFrame":[0,0,0,1,0,0,0,1,0,0,0,1]},{"Name":"Torso","CFrame":[0,0.09101792424917221,0.3995111584663391,1,0,0,0,0.975016713142395,0.2221314162015915,0,-0.2221314162015915,0.975016713142395]}]},{"Time":0.13333334028720857,"Poses":[{"Name":"Torso","CFrame":[0,0,0,1,0,0,0,1,0,0,0,1]},{"Name":"Left Leg","CFrame":[-0.8539787530899048,0.9181898236274719,-0.0987190306186676,0.9711514115333557,-0.2093069851398468,0.11426042020320893,0.1822119653224945,0.9604293704032898,0.21065185964107514,-0.15382997691631318,-0.18375523388385774,0.9708606004714966]},{"Name":"Head","CFrame":[0,0.00003159046173095703,-0.000041544437408447269,1,0,0,0,0.7903056144714356,-0.6127128601074219,0,0.6127128601074219,0.7903056144714356]},{"Name":"Right Arm","CFrame":[0.06121176481246948,0.03473480045795441,-0.0011461973190307618,0.7824043035507202,0.5434055328369141,-0.3042268753051758,-0.20905594527721406,0.6893309354782105,0.693627119064331,0.5866338014602661,-0.4790964126586914,0.652937650680542]},{"Name":"Left Arm","CFrame":[-0.0806141048669815,0.024551883339881898,0.023383677005767823,0.9294689893722534,-0.35851725935935976,0.08690690994262696,0.2468108832836151,0.7794447541236877,0.5758040547370911,-0.2741748094558716,-0.5137423872947693,0.8129556775093079]},{"Name":"Right Leg","CFrame":[0.9230552911758423,0.4980756640434265,-0.00848311185836792,0.7217231392860413,0.6908731460571289,-0.042544733732938769,-0.6853677034378052,0.7218703031539917,0.0957835465669632,0.0968860536813736,-0.039970412850379947,0.9944925904273987]},{"Name":"HumanoidRootPart","CFrame":[0,0,0,1,0,0,0,1,0,0,0,1]},{"Name":"Torso","CFrame":[0,0.09605502337217331,0.4216209053993225,1,0,0,0,0.975016713142395,0.2221314162015915,0,-0.2221314162015915,0.975016713142395]}]},{"Time":0.15000000596046449,"Poses":[{"Name":"Torso","CFrame":[0,0,0,1,0,0,0,1,0,0,0,1]},{"Name":"Left Leg","CFrame":[-0.8548555374145508,0.9288920164108276,-0.10093793272972107,0.9690195322036743,-0.21896515786647798,0.11426040530204773,0.1917647272348404,0.95856773853302,0.21065184473991395,-0.1556517481803894,-0.1822146475315094,0.9708606004714966]},{"Name":"Head","CFrame":[0,0.000008761882781982422,-0.00001138448715209961,1,0,0,0,0.7881606221199036,-0.6154696345329285,0,0.6154696345329285,0.7881606221199036]},{"Name":"Right Arm","CFrame":[0.059681475162506106,0.02078440971672535,0.051131606101989749,0.7106117010116577,0.6088603734970093,-0.3525904417037964,-0.2545565068721771,0.6896712779998779,0.6779046058654785,0.6559207439422607,-0.39197278022766116,0.6450778245925903]},{"Name":"Left Arm","CFrame":[-0.0925651490688324,0.010262206196784974,0.06671142578125,0.8909988403320313,-0.4323779046535492,0.13845723867416383,0.2896701395511627,0.7762330770492554,0.5599584579467773,-0.3495887219905853,-0.45881545543670657,0.8168697357177734]},{"Name":"Right Leg","CFrame":[0.9894288778305054,0.5284384489059448,-0.008567988872528077,0.6938170790672302,0.7188935279846191,-0.04254474490880966,-0.7133982181549072,0.6941819787025452,0.09578356146812439,0.09839197248220444,-0.03610493242740631,0.9944925308227539]},{"Name":"HumanoidRootPart","CFrame":[0,0,0,1,0,0,0,1,0,0,0,1]},{"Name":"Torso","CFrame":[0,0.09928904473781586,0.4358161985874176,1,0,0,0,0.975016713142395,0.2221314162015915,0,-0.2221314162015915,0.975016713142395]}]},{"Time":0.18333333730697633,"Poses":[{"Name":"Torso","CFrame":[0,0,0,1,0,0,0,1,0,0,0,1]},{"Name":"Left Leg","CFrame":[-0.8552014827728272,0.9325903654098511,-0.10169968008995056,0.9682601094245911,-0.2222992181777954,0.11426042020320893,0.19506296515464784,0.9579020142555237,0.21065185964107514,-0.15627802908420564,-0.18167780339717866,0.9708606004714966]},{"Name":"Head","CFrame":[0,5.960464477539063e-8,-2.9802322387695315e-8,1,0,0,0,0.7874255180358887,-0.6164098381996155,0,0.6164098381996155,0.7874255180358887]},{"Name":"Right Arm","CFrame":[0.05798971652984619,0.015148915350437165,0.07056540250778198,0.6839520335197449,0.6292492151260376,-0.36912721395492556,-0.2703416645526886,0.6885721683502197,0.6728919744491577,0.6775875687599182,-0.3604353666305542,0.6410626769065857]},{"Name":"Left Arm","CFrame":[-0.09615106880664826,0.004608407616615295,0.08297884464263916,0.8758026361465454,-0.4566245675086975,0.15640905499458314,0.304516077041626,0.7741472721099854,0.554946780204773,-0.3744859993457794,-0.43839478492736819,0.8170497417449951]},{"Name":"Right Leg","CFrame":[1.0120553970336915,0.5386604070663452,-0.00858449935913086,0.6839472651481628,0.7282898426055908,-0.042544737458229068,-0.7228000164031982,0.6843870878219605,0.0957835465669632,0.0988752543926239,-0.03475956246256828,0.9944925904273987]},{"Name":"HumanoidRootPart","CFrame":[0,0,0,1,0,0,0,1,0,0,0,1]},{"Name":"Torso","CFrame":[0,0.10040141642093659,0.44069886207580569,1,0,0,0,0.975016713142395,0.2221314162015915,0,-0.2221314162015915,0.975016713142395]}]},{"Time":0.20000000298023225,"Poses":[{"Name":"Torso","CFrame":[0,0,0,1,0,0,0,1,0,0,0,1]},{"Name":"Left Leg","CFrame":[-0.8553479313850403,0.9326882362365723,-0.10170367360115051,0.9682524800300598,-0.22233235836029054,0.11426041275262833,0.19509577751159669,0.9578953385353088,0.21065185964107514,-0.15628424286842347,-0.18167246878147126,0.9708606004714966]},{"Name":"Head","CFrame":[0,3.2782554626464846e-7,-3.5762786865234377e-7,1,0,0,0,0.7874440550804138,-0.6163861155509949,0,0.6163861155509949,0.7874440550804138]},{"Name":"Right Arm","CFrame":[0.057938963174819949,0.015094460919499398,0.07059341669082642,0.6839469075202942,0.6292548775672913,-0.3691273629665375,-0.2703472971916199,0.6885700225830078,0.6728920936584473,0.6775906085968018,-0.36042988300323489,0.6410626173019409]},{"Name":"Left Arm","CFrame":[-0.09610696136951447,0.00454944372177124,0.08301019668579102,0.8757718205451965,-0.45668357610702517,0.15640906989574433,0.30456817150115969,0.7741267681121826,0.554946780204773,-0.3745155334472656,-0.4383695423603058,0.8170496821403503]},{"Name":"Right Leg","CFrame":[1.0120995044708253,0.5387018918991089,-0.008586645126342774,0.6839472651481628,0.7282898426055908,-0.042544737458229068,-0.7228000164031982,0.6843870878219605,0.0957835465669632,0.0988752543926239,-0.03475956246256828,0.9944925904273987]},{"Name":"HumanoidRootPart","CFrame":[0,0,0,1,0,0,0,1,0,0,0,1]},{"Name":"Torso","CFrame":[0,0.10039544105529785,0.4406726062297821,1,0,0,0,0.975016713142395,0.2221314162015915,0,-0.2221314162015915,0.975016713142395]}]},{"Time":0.21666666865348817,"Poses":[{"Name":"Torso","CFrame":[0,0,0,1,0,0,0,1,0,0,0,1]},{"Name":"Left Leg","CFrame":[-0.855591893196106,0.9328513741493225,-0.10171031951904297,0.9682397842407227,-0.22238756716251374,0.11426042020320893,0.19515039026737214,0.9578841924667358,0.21065182983875276,-0.15629459917545319,-0.18166352808475495,0.9708606004714966]},{"Name":"Head","CFrame":[0,6.556510925292969e-7,-8.344650268554688e-7,1,0,0,0,0.7874749302864075,-0.6163466572761536,0,0.6163466572761536,0.7874749302864075]},{"Name":"Right Arm","CFrame":[0.05785447359085083,0.015003804117441178,0.07063984870910645,0.6839385032653809,0.6292640566825867,-0.3691272735595703,-0.27035653591156008,0.6885663866996765,0.6728920340538025,0.6775953769683838,-0.36042076349258425,0.6410626769065857]},{"Name":"Left Arm","CFrame":[-0.09603333473205567,0.004451386630535126,0.08306282758712769,0.8757205605506897,-0.45678186416625979,0.15640902519226075,0.30465513467788699,0.7740925550460815,0.554946780204773,-0.3745647072792053,-0.43832749128341677,0.8170497417449951]},{"Name":"Right Leg","CFrame":[1.0121729373931885,0.5387709140777588,-0.008590102195739746,0.6839472651481628,0.7282898426055908,-0.042544737458229068,-0.7228000164031982,0.6843870878219605,0.0957835465669632,0.0988752543926239,-0.03475956246256828,0.9944925904273987]},{"Name":"HumanoidRootPart","CFrame":[0,0,0,1,0,0,0,1,0,0,0,1]},{"Name":"Torso","CFrame":[0,0.10038549453020096,0.44062891602516177,1,0,0,0,0.975016713142395,0.2221314162015915,0,-0.2221314162015915,0.975016713142395]}]},{"Time":0.23333333432674409,"Poses":[{"Name":"Torso","CFrame":[0,0,0,1,0,0,0,1,0,0,0,1]},{"Name":"Left Leg","CFrame":[-0.8559332489967346,0.9330796599388123,-0.1017196774482727,0.9682220220565796,-0.22246484458446504,0.11426041275262833,0.19522683322429658,0.9578685760498047,0.21065185964107514,-0.1563090980052948,-0.1816510707139969,0.9708606004714966]},{"Name":"Head","CFrame":[0,0.0000011622905731201172,-0.0000015497207641601563,1,0,0,0,0.7875181436538696,-0.6162914037704468,0,0.6162914037704468,0.7875181436538696]},{"Name":"Right Arm","CFrame":[0.05773624777793884,0.014876918867230416,0.07070505619049072,0.6839266419410706,0.6292768716812134,-0.3691272735595703,-0.27036941051483157,0.6885612607002258,0.6728920936584473,0.6776021718978882,-0.36040809750556948,0.6410626173019409]},{"Name":"Left Arm","CFrame":[-0.09593035280704498,0.0043141841888427738,0.08313643932342529,0.8756488561630249,-0.45691928267478945,0.15640904009342194,0.3047765791416168,0.7740447521209717,0.5549467206001282,-0.3746334910392761,-0.43826866149902346,0.8170497417449951]},{"Name":"Right Leg","CFrame":[1.0122756958007813,0.5388674736022949,-0.008595049381256104,0.6839472651481628,0.7282898426055908,-0.042544737458229068,-0.7228000164031982,0.6843870878219605,0.0957835465669632,0.0988752543926239,-0.03475956246256828,0.9944925904273987]},{"Name":"HumanoidRootPart","CFrame":[0,0,0,1,0,0,0,1,0,0,0,1]},{"Name":"Torso","CFrame":[0,0.10037156939506531,0.44056782126426699,1,0,0,0,0.9750167727470398,0.2221313714981079,0,-0.2221313714981079,0.9750167727470398]}]},{"Time":0.25,"Poses":[{"Name":"Torso","CFrame":[0,0,0,1,0,0,0,1,0,0,0,1]},{"Name":"Left Leg","CFrame":[-0.8563715219497681,0.9333726167678833,-0.10173168778419495,0.9681992530822754,-0.22256407141685487,0.11426043510437012,0.19532498717308045,0.9578486084938049,0.21065185964107514,-0.1563277244567871,-0.1816350668668747,0.9708606600761414]},{"Name":"Head","CFrame":[0,0.000001817941665649414,-0.0000024139881134033205,1,0,0,0,0.7875736355781555,-0.6162205934524536,0,0.6162205934524536,0.7875736355781555]},{"Name":"Right Arm","CFrame":[0.057584524154663089,0.014713983982801438,0.07078856229782105,0.6839113831520081,0.6292934417724609,-0.3691272735595703,-0.27038615942001345,0.6885547041893005,0.6728920936584473,0.6776108741760254,-0.3603917360305786,0.6410626173019409]},{"Name":"Left Arm","CFrame":[-0.09579814970493317,0.004137739539146423,0.08323073387145996,0.8755567073822022,-0.4570959806442261,0.15640908479690553,0.30493277311325076,0.7739832401275635,0.5549468398094177,-0.3747219443321228,-0.4381931722164154,0.8170497417449951]},{"Name":"Right Leg","CFrame":[1.012407660484314,0.538991391658783,-0.00860130786895752,0.6839472651481628,0.7282898426055908,-0.042544737458229068,-0.7228000164031982,0.6843870878219605,0.0957835465669632,0.0988752543926239,-0.03475956246256828,0.9944925904273987]},{"Name":"HumanoidRootPart","CFrame":[0,0,0,1,0,0,0,1,0,0,0,1]},{"Name":"Torso","CFrame":[0,0.1003536805510521,0.4404892921447754,1,0,0,0,0.975016713142395,0.2221314162015915,0,-0.2221314162015915,0.975016713142395]}]},{"Time":0.2666666805744171,"Poses":[{"Name":"Torso","CFrame":[0,0,0,1,0,0,0,1,0,0,0,1]},{"Name":"Left Leg","CFrame":[-0.8569067716598511,0.9337304830551148,-0.10174643993377686,0.9681714177131653,-0.22268520295619965,0.11426042020320893,0.19544483721256257,0.957824170589447,0.21065190434455872,-0.15635044872760774,-0.18161553144454957,0.9708606004714966]},{"Name":"Head","CFrame":[0,0.0000026226043701171877,-0.0000034868717193603517,1,0,0,0,0.7876413464546204,-0.616133987903595,0,0.616133987903595,0.7876413464546204]},{"Name":"Right Arm","CFrame":[0.057399243116378787,0.014515198767185212,0.07089060544967652,0.6838929057121277,0.6293135285377502,-0.3691272735595703,-0.27040642499923708,0.6885467767715454,0.6728920340538025,0.6776214838027954,-0.36037176847457888,0.6410626769065857]},{"Name":"Left Arm","CFrame":[-0.0956367552280426,0.003922566771507263,0.08334600925445557,0.8754441142082214,-0.4573115110397339,0.15640905499458314,0.3051232695579529,0.7739081382751465,0.5549468994140625,-0.37482979893684389,-0.4381009638309479,0.8170496821403503]},{"Name":"Right Leg","CFrame":[1.012568712234497,0.5391427278518677,-0.008608996868133545,0.6839472651481628,0.7282898426055908,-0.042544737458229068,-0.7228000164031982,0.6843870878219605,0.0957835465669632,0.0988752543926239,-0.03475956246256828,0.9944925904273987]},{"Name":"HumanoidRootPart","CFrame":[0,0,0,1,0,0,0,1,0,0,0,1]},{"Name":"Torso","CFrame":[0,0.10033184289932251,0.4403934180736542,1,0,0,0,0.975016713142395,0.2221314162015915,0,-0.2221314162015915,0.975016713142395]}]},{"Time":0.28333333134651186,"Poses":[{"Name":"Torso","CFrame":[0,0,0,1,0,0,0,1,0,0,0,1]},{"Name":"Left Leg","CFrame":[-0.8575378656387329,0.9341525435447693,-0.10176366567611695,0.9681385159492493,-0.22282804548740388,0.11426040530204773,0.195586159825325,0.9577953219413757,0.21065187454223634,-0.15637722611427308,-0.1815924346446991,0.9708606004714966]},{"Name":"Head","CFrame":[0,0.000003606081008911133,-0.000004738569259643555,1,0,0,0,0.7877211570739746,-0.6160318851470947,0,0.6160318851470947,0.7877211570739746]},{"Name":"Right Arm","CFrame":[0.05718064308166504,0.014280522242188454,0.0710110068321228,0.6838710308074951,0.6293373703956604,-0.3691273331642151,-0.2704302668571472,0.6885373592376709,0.672892153263092,0.677634060382843,-0.36034828424453738,0.6410626173019409]},{"Name":"Left Arm","CFrame":[-0.09544630348682404,0.0036687031388282778,0.08348220586776734,0.8753113150596619,-0.45756566524505618,0.15640905499458314,0.3053479790687561,0.7738195061683655,0.554946780204773,-0.37495699524879458,-0.43799200654029848,0.8170497417449951]},{"Name":"Right Leg","CFrame":[1.0127586126327515,0.5393213629722595,-0.008618056774139405,0.6839473247528076,0.728289783000946,-0.04254472628235817,-0.7227999567985535,0.6843871474266052,0.0957835391163826,0.09887523949146271,-0.034759558737277988,0.9944925904273987]},{"Name":"HumanoidRootPart","CFrame":[0,0,0,1,0,0,0,1,0,0,0,1]},{"Name":"Torso","CFrame":[0,0.10030608624219895,0.44028037786483767,1,0,0,0,0.975016713142395,0.2221314162015915,0,-0.2221314162015915,0.975016713142395]}]},{"Time":0.30000001192092898,"Poses":[{"Name":"Torso","CFrame":[0,0,0,1,0,0,0,1,0,0,0,1]},{"Name":"Left Leg","CFrame":[-0.8582649230957031,0.9346383810043335,-0.10178360342979431,0.9681006669998169,-0.22299259901046754,0.11426042765378952,0.1957489550113678,0.9577620625495911,0.21065187454223634,-0.15640810132026673,-0.18156585097312928,0.9708606600761414]},{"Name":"Head","CFrame":[0,0.000004738569259643555,-0.000006139278411865234,1,0,0,0,0.7878130674362183,-0.6159144043922424,0,0.6159144043922424,0.7878130674362183]},{"Name":"Right Arm","CFrame":[0.056928783655166629,0.01401033066213131,0.07114958763122559,0.6838458776473999,0.6293646693229675,-0.3691272735595703,-0.27045780420303347,0.6885265111923218,0.6728920936584473,0.6776484251022339,-0.36032116413116457,0.6410626173019409]},{"Name":"Left Arm","CFrame":[-0.0952269434928894,0.0033761262893676759,0.08363872766494751,0.8751581907272339,-0.45785844326019289,0.15640905499458314,0.3056068420410156,0.7737173438072205,0.5549468398094177,-0.3751034438610077,-0.43786662817001345,0.8170497417449951]},{"Name":"Right Leg","CFrame":[1.0129776000976563,0.5395269393920898,-0.008628547191619873,0.6839472651481628,0.7282898426055908,-0.042544737458229068,-0.7228000164031982,0.6843870878219605,0.0957835465669632,0.0988752543926239,-0.03475956246256828,0.9944925904273987]},{"Name":"HumanoidRootPart","CFrame":[0,0,0,1,0,0,0,1,0,0,0,1]},{"Name":"Torso","CFrame":[0,0.1002764105796814,0.4401501715183258,1,0,0,0,0.975016713142395,0.2221314162015915,0,-0.2221314162015915,0.975016713142395]}]},{"Time":0.3166666626930237,"Poses":[{"Name":"Torso","CFrame":[0,0,0,1,0,0,0,1,0,0,0,1]},{"Name":"Left Leg","CFrame":[-0.8590870499610901,0.9351880550384522,-0.10180601477622986,0.9680578112602234,-0.22317862510681153,0.11426040530204773,0.19593298435211183,0.9577244520187378,0.21065184473991395,-0.15644297003746034,-0.1815357804298401,0.9708606600761414]},{"Name":"Head","CFrame":[0,0.000005930662155151367,-0.00000768899917602539,1,0,0,0,0.7879170775413513,-0.6157814264297485,0,0.6157814264297485,0.7879170775413513]},{"Name":"Right Arm","CFrame":[0.05664414167404175,0.013704810291528702,0.07130652666091919,0.6838173270225525,0.6293957233428955,-0.3691273331642151,-0.27048903703689577,0.688514232635498,0.6728922128677368,0.6776648163795471,-0.36029052734375,0.6410626173019409]},{"Name":"Left Arm","CFrame":[-0.09497880935668946,0.0030454546213150026,0.08381599187850952,0.8749849796295166,-0.45818930864334109,0.15640906989574433,0.30589932203292849,0.773601770401001,0.554946780204773,-0.37526899576187136,-0.4377247095108032,0.8170497417449951]},{"Name":"Right Leg","CFrame":[1.0132253170013428,0.5397594571113586,-0.008640319108963013,0.6839472055435181,0.7282899618148804,-0.04254474118351936,-0.7228001356124878,0.6843870282173157,0.09578356146812439,0.0988752692937851,-0.03475956618785858,0.9944925904273987]},{"Name":"HumanoidRootPart","CFrame":[0,0,0,1,0,0,0,1,0,0,0,1]},{"Name":"Torso","CFrame":[0,0.10024288296699524,0.4400029182434082,1,0,0,0,0.975016713142395,0.22213143110275269,0,-0.22213143110275269,0.975016713142395]}]},{"Time":0.3333333432674408,"Poses":[{"Name":"Torso","CFrame":[0,0,0,1,0,0,0,1,0,0,0,1]},{"Name":"Left Leg","CFrame":[-0.8600035309791565,0.9358006715774536,-0.10183107852935791,0.9680099487304688,-0.22338607907295228,0.11426039785146713,0.19613823294639588,0.9576824307441711,0.21065185964107514,-0.15648186206817628,-0.18150226771831513,0.9708606600761414]},{"Name":"Head","CFrame":[0,0.0000073015689849853519,-0.000009447336196899414,1,0,0,0,0.7880329489707947,-0.6156331300735474,0,0.6156331300735474,0.7880329489707947]},{"Name":"Right Arm","CFrame":[0.05632677674293518,0.01336420327425003,0.07148116827011109,0.6837856769561768,0.6294301152229309,-0.3691272735595703,-0.27052372694015505,0.688500702381134,0.6728920936584473,0.6776828765869141,-0.36025622487068179,0.6410626173019409]},{"Name":"Left Arm","CFrame":[-0.09470221400260925,0.0026764273643493654,0.08401352167129517,0.8747917413711548,-0.4585583209991455,0.15640906989574433,0.30622559785842898,0.7734726667404175,0.5549468398094177,-0.3754535913467407,-0.43756645917892458,0.8170497417449951]},{"Name":"Right Leg","CFrame":[1.0135009288787842,0.5400189757347107,-0.008653521537780762,0.6839473247528076,0.728289783000946,-0.04254473000764847,-0.7227999567985535,0.6843871474266052,0.0957835465669632,0.0988752469420433,-0.03475956618785858,0.9944925904273987]},{"Name":"HumanoidRootPart","CFrame":[0,0,0,1,0,0,0,1,0,0,0,1]},{"Name":"Torso","CFrame":[0,0.10020545870065689,0.439838707447052,1,0,0,0,0.975016713142395,0.2221314013004303,0,-0.2221314013004303,0.975016713142395]}]},{"Time":0.3499999940395355,"Poses":[{"Name":"Torso","CFrame":[0,0,0,1,0,0,0,1,0,0,0,1]},{"Name":"Left Leg","CFrame":[-0.8610138893127441,0.9364759922027588,-0.10185876488685608,0.9679571390151978,-0.22361472249031068,0.11426042765378952,0.19636443257331849,0.9576360583305359,0.21065187454223634,-0.15652476251125337,-0.1814652979373932,0.9708606600761414]},{"Name":"Head","CFrame":[0,0.000008761882781982422,-0.00001138448715209961,1,0,0,0,0.7881606221199036,-0.6154696345329285,0,0.6154696345329285,0.7881606221199036]},{"Name":"Right Arm","CFrame":[0.05597686767578125,0.01298883929848671,0.07167387008666992,0.6837506294250488,0.6294681429862976,-0.3691272437572479,-0.27056199312210085,0.6884856224060059,0.6728920936584473,0.6777029037475586,-0.3602185547351837,0.6410626769065857]},{"Name":"Left Arm","CFrame":[-0.09439718723297119,0.0022698044776916506,0.084231436252594,0.8745784759521484,-0.4589647948741913,0.15640908479690553,0.30658504366874697,0.7733302116394043,0.554946780204773,-0.3756569027900696,-0.43739184737205508,0.8170497417449951]},{"Name":"Right Leg","CFrame":[1.0138051509857178,0.5403046607971191,-0.008668005466461182,0.6839472651481628,0.7282898426055908,-0.042544737458229068,-0.7228000164031982,0.6843870878219605,0.0957835465669632,0.0988752543926239,-0.03475956246256828,0.9944925904273987]},{"Name":"HumanoidRootPart","CFrame":[0,0,0,1,0,0,0,1,0,0,0,1]},{"Name":"Torso","CFrame":[0,0.10016423463821411,0.43965771794319155,1,0,0,0,0.975016713142395,0.2221314013004303,0,-0.2221314013004303,0.975016713142395]}]},{"Time":0.36666667461395266,"Poses":[{"Name":"Torso","CFrame":[0,0,0,1,0,0,0,1,0,0,0,1]},{"Name":"Left Leg","CFrame":[-0.8621169924736023,0.9372133016586304,-0.10188880562782288,0.9678994417190552,-0.2238643318414688,0.11426042765378952,0.19661138951778413,0.9575853943824768,0.21065182983875276,-0.15657155215740205,-0.18142490088939668,0.9708606600761414]},{"Name":"Head","CFrame":[0,0.000010341405868530274,-0.000013560056686401368,1,0,0,0,0.7883000373840332,-0.6152909994125366,0,0.6152909994125366,0.7883000373840332]},{"Name":"Right Arm","CFrame":[0.055594831705093387,0.012578612193465233,0.0718843936920166,0.683712363243103,0.6295098066329956,-0.36912739276885989,-0.27060389518737795,0.6884691715240479,0.6728922128677368,0.6777249574661255,-0.36017751693725588,0.6410626173019409]},{"Name":"Left Arm","CFrame":[-0.09406423568725586,0.001825585961341858,0.08446937799453736,0.8743454217910767,-0.459408700466156,0.15640905499458314,0.3069775104522705,0.773174524307251,0.5549468398094177,-0.3758789002895355,-0.4372011721134186,0.8170497417449951]},{"Name":"Right Leg","CFrame":[1.0141372680664063,0.5406168699264526,-0.008683860301971436,0.6839473247528076,0.728289783000946,-0.042544737458229068,-0.7227999567985535,0.6843871474266052,0.0957835465669632,0.0988752543926239,-0.03475956618785858,0.9944925904273987]},{"Name":"HumanoidRootPart","CFrame":[0,0,0,1,0,0,0,1,0,0,0,1]},{"Name":"Torso","CFrame":[0,0.1001192182302475,0.4394601583480835,1,0,0,0,0.975016713142395,0.2221314162015915,0,-0.2221314162015915,0.975016713142395]}]},{"Time":0.38333332538604739,"Poses":[{"Name":"Torso","CFrame":[0,0,0,1,0,0,0,1,0,0,0,1]},{"Name":"Left Leg","CFrame":[-0.8633121252059937,0.9380120635032654,-0.10192152857780457,0.967836856842041,-0.22413480281829835,0.11426043510437012,0.19687896966934205,0.9575303792953491,0.21065187454223634,-0.1566222608089447,-0.18138116598129273,0.9708606004714966]},{"Name":"Head","CFrame":[0,0.000012040138244628907,-0.000015795230865478517,1,0,0,0,0.788451075553894,-0.6150975227355957,0,0.6150975227355957,0.788451075553894]},{"Name":"Right Arm","CFrame":[0.05518096685409546,0.012134479358792305,0.0721123218536377,0.6836709380149841,0.6295546889305115,-0.3691273331642151,-0.2706491947174072,0.6884514093399048,0.6728920936584473,0.6777486205101013,-0.3601328134536743,0.6410626173019409]},{"Name":"Left Arm","CFrame":[-0.09370329976081848,0.0013441890478134156,0.08472716808319092,0.8740926384925842,-0.4598894715309143,0.15640906989574433,0.30740267038345339,0.7730056047439575,0.5549469590187073,-0.3761192560195923,-0.4369944930076599,0.8170496225357056]},{"Name":"Right Leg","CFrame":[1.0144970417022706,0.5409549474716187,-0.008701026439666748,0.6839472651481628,0.7282898426055908,-0.042544737458229068,-0.7228000164031982,0.6843870878219605,0.0957835465669632,0.0988752543926239,-0.03475956246256828,0.9944925904273987]},{"Name":"HumanoidRootPart","CFrame":[0,0,0,1,0,0,0,1,0,0,0,1]},{"Name":"Torso","CFrame":[0,0.10007044672966004,0.4392460584640503,1,0,0,0,0.975016713142395,0.2221314162015915,0,-0.2221314162015915,0.975016713142395]}]},{"Time":0.4000000059604645,"Poses":[{"Name":"Torso","CFrame":[0,0,0,1,0,0,0,1,0,0,0,1]},{"Name":"Left Leg","CFrame":[-0.8645983338356018,0.9388713836669922,-0.10195660591125488,0.9677693843841553,-0.22442582249641419,0.11426041275262833,0.19716688990592957,0.9574711322784424,0.21065185964107514,-0.1566767692565918,-0.18133406341075898,0.9708606004714966]},{"Name":"Head","CFrame":[0,0.000013887882232666016,-0.000018209218978881837,1,0,0,0,0.7886134386062622,-0.6148892045021057,0,0.6148892045021057,0.7886134386062622]},{"Name":"Right Arm","CFrame":[0.05473557114601135,0.011656487360596657,0.07235747575759888,0.6836264133453369,0.6296030282974243,-0.3691272437572479,-0.27069777250289919,0.6884322166442871,0.6728920936584473,0.6777739524841309,-0.36008480191230776,0.6410626173019409]},{"Name":"Left Arm","CFrame":[-0.09331473708152771,0.0008260756731033325,0.08500468730926514,0.873820424079895,-0.46040648221969607,0.15640902519226075,0.3078598976135254,0.7728235721588135,0.5549468994140625,-0.3763777017593384,-0.43677183985710146,0.8170497417449951]},{"Name":"Right Leg","CFrame":[1.0148842334747315,0.5413186550140381,-0.00871950387954712,0.6839472651481628,0.7282898426055908,-0.04254473000764847,-0.7228000164031982,0.6843870878219605,0.0957835465669632,0.0988752469420433,-0.03475956618785858,0.9944925904273987]},{"Name":"HumanoidRootPart","CFrame":[0,0,0,1,0,0,0,1,0,0,0,1]},{"Name":"Torso","CFrame":[0,0.1000179573893547,0.439015656709671,1,0,0,0,0.975016713142395,0.2221314162015915,0,-0.222131416201591