[{"Time":0,"Poses":[{"Name":"HumanoidRootPart","CFrame":[0,0,0,1,0,0,0,1,0,0,0,1]},{"Name":"Torso","CFrame":[-0.007109262049198151,-0.21398861706256867,-0.2934556007385254,0.12292680889368057,-0.9923781156539917,-0.008642877452075482,0.9618891477584839,0.12128451466560364,-0.24506992101669312,0.24425022304058076,0.021812167018651964,0.9694669246673584]},{"Name":"Left Leg","CFrame":[-0.454925000667572,0.1175612211227417,-0.33837026357650759,0.2948049306869507,0.20676031708717347,-0.9329202771186829,0.05814017355442047,0.9706200361251831,0.23348791897296906,0.953787088394165,-0.12307347357273102,0.2741223871707916]},{"Name":"Right Arm","CFrame":[-0.3719291090965271,-0.27648717164993288,-0.25549253821372988,0.6252484917640686,-0.7689146399497986,-0.13354669511318208,0.7803093194961548,0.6129775643348694,0.12399979680776596,-0.013484194874763489,-0.18173854053020478,0.9832544922828674]},{"Name":"Right Leg","CFrame":[-0.018792107701301576,0.5970629453659058,0.1428101807832718,0.4021163582801819,0.38255009055137637,-0.8318401575088501,0.058931149542331699,0.8958325386047363,0.44046691060066225,0.9136901497840881,-0.22614026069641114,0.3376847803592682]},{"Name":"Left Arm","CFrame":[0.907774806022644,-0.44820550084114077,0.07411760091781616,0.03777103126049042,0.9706460237503052,-0.23752859234809876,-0.7178488373756409,0.19171500205993653,0.669282078742981,0.6951735615730286,0.14523006975650788,0.7040183544158936]},{"Name":"Handle","CFrame":[0,0,0,1,0,0,0,1,0,0,0,1]},{"Name":"Circle.001","CFrame":[0,0,0,1,0,0,0,1,0,0,0,1]},{"Name":"Head","CFrame":[1.4808028936386109e-7,1.30385160446167e-8,0.0166623592376709,0.24772115051746369,0.9683695435523987,-0.029914872720837594,-0.968641996383667,0.24694402515888215,-0.02741074562072754,-0.019156448543071748,0.03576704487204552,0.9991766214370728]}]},{"Time":0.01666666753590107,"Poses":[{"Name":"HumanoidRootPart","CFrame":[0,0,0,1,0,0,0,1,0,0,0,1]},{"Name":"Torso","CFrame":[-0.009798839688301087,-0.203908771276474,-0.31471309065818789,0.13621553778648377,-0.9906076788902283,-0.011912600137293339,0.9628143906593323,0.13520652055740357,-0.23389673233032227,0.23331059515476228,0.020390711724758149,0.9721885323524475]},{"Name":"Left Leg","CFrame":[-0.452306866645813,0.12082040309906006,-0.333566278219223,0.3177464008331299,0.19033131003379823,-0.9288763999938965,0.11461739987134934,0.9647517204284668,0.23689007759094239,0.9412226676940918,-0.18173646926879884,0.28473103046417239]},{"Name":"Right Arm","CFrame":[-0.3967887759208679,-0.3083529472351074,-0.2737077474594116,0.5740376710891724,-0.8027744293212891,-0.1613510698080063,0.8184237480163574,0.5563057065010071,0.1438974291086197,-0.025756660848855974,-0.21465612947940827,0.9763500094413757]},{"Name":"Right Leg","CFrame":[0.023468606173992158,0.6109120845794678,0.13096983730793,0.4459901750087738,0.387612909078598,-0.8067522644996643,0.06894313544034958,0.8838053941726685,0.46274715662002566,0.8923786282539368,-0.26200079917907717,0.36744531989097597]},{"Name":"Left Arm","CFrame":[0.9048210978507996,-0.4425922632217407,0.08960655331611633,0.14330381155014039,0.974956750869751,-0.17006915807724,-0.6633273959159851,0.22215117514133454,0.7145946621894836,0.734480082988739,0.01040737796574831,0.6785506010055542]},{"Name":"Handle","CFrame":[0.020017806440591813,0.00011458748485893011,0.006214693188667297,0.9909778237342835,-0.004084310960024595,0.1339637041091919,0.014444105327129364,0.9969686269760132,-0.07645250111818314,-0.1332453489303589,0.07769771665334702,0.9880327582359314]},{"Name":"Circle.001","CFrame":[0,0,0,1,0,0,0,1,0,0,0,1]},{"Name":"Head","CFrame":[1.3224780559539796e-7,1.126900315284729e-7,0.016662627458572389,0.2550637722015381,0.9663371443748474,-0.03369227796792984,-0.9666995406150818,0.2540982961654663,-0.03043409436941147,-0.02084854431450367,0.04033302143216133,0.9989688396453857]}]},{"Time":0.03333333507180214,"Poses":[{"Name":"HumanoidRootPart","CFrame":[0,0,0,1,0,0,0,1,0,0,0,1]},{"Name":"Torso","CFrame":[-0.013935986906290055,-0.17834720015525819,-0.3320019841194153,0.1759314239025116,-0.9842566847801209,-0.01694219931960106,0.9631673097610474,0.17566627264022828,-0.20359325408935548,0.20336422324180604,0.01950026862323284,0.9789089560508728]},{"Name":"Left Leg","CFrame":[-0.44653624296188357,0.12240320444107056,-0.3198116421699524,0.36086100339889529,0.15557999908924104,-0.9195511341094971,0.19018521904945374,0.9529920220375061,0.23587250709533692,0.9130219221115112,-0.2600022256374359,0.3143085539340973]},{"Name":"Right Arm","CFrame":[-0.4182358980178833,-0.3407677114009857,-0.2898085117340088,0.5273665189743042,-0.8274431228637695,-0.19293126463890077,0.8486888408660889,0.5022867918014526,0.16563571989536286,-0.040147293359041217,-0.251089483499527,0.9671310186386108]},{"Name":"Right Leg","CFrame":[0.07494543492794037,0.6038142442703247,0.12986458837985993,0.5109292268753052,0.3782711923122406,-0.7719211578369141,0.05861010029911995,0.880557656288147,0.47030091285705569,0.8576223850250244,-0.2855329215526581,0.4277322590351105]},{"Name":"Left Arm","CFrame":[0.8834289908409119,-0.427482008934021,0.10966092348098755,0.38973310589790347,0.9174582362174988,-0.07986658066511154,-0.5572749376296997,0.3039916455745697,0.7726796269416809,0.7331799268722534,-0.25663116574287417,0.6297520399093628]},{"Name":"Handle","CFrame":[0.07470746338367462,0.0004276484251022339,0.023193547502160074,0.8775635361671448,0.037488099187612537,0.47799253463745119,0.10310064256191254,0.9588620066642761,-0.26448795199394228,-0.4682440161705017,0.2813863456249237,0.8375972509384155]},{"Name":"Circle.001","CFrame":[0,0,0,1,0,0,0,1,0,0,0,1]},{"Name":"Head","CFrame":[2.551823854446411e-7,8.195638656616211e-8,0.01666247844696045,0.2783147394657135,0.9594717621803284,-0.04421398043632507,-0.9602421522140503,0.2769022285938263,-0.035499490797519687,-0.021817870438098909,0.052336186170578,0.9983912110328674]}]},{"Time":0.05000000074505806,"Poses":[{"Name":"HumanoidRootPart","CFrame":[0,0,0,1,0,0,0,1,0,0,0,1]},{"Name":"Torso","CFrame":[-0.013088027015328408,-0.14114578068256379,-0.3473229706287384,0.2415580451488495,-0.9702559113502502,-0.015911316499114038,0.9574435353279114,0.24097318947315217,-0.1588519960641861,0.15796132385730744,0.023137778043746949,0.9871742129325867]},{"Name":"Left Leg","CFrame":[-0.43570685386657717,0.12526792287826539,-0.29688772559165957,0.42136815190315249,0.10356665402650833,-0.9009566307067871,0.27749744057655337,0.9310827851295471,0.23681244254112245,0.863391101360321,-0.34979841113090517,0.3635890483856201]},{"Name":"Right Arm","CFrame":[-0.4357086718082428,-0.37352538108825686,-0.3033968508243561,0.4872434735298157,-0.8428991436958313,-0.2282867133617401,0.8714386820793152,0.4524123966693878,0.1895194947719574,-0.05646607279777527,-0.291280061006546,0.9549700021743774]},{"Name":"Right Leg","CFrame":[0.1317564994096756,0.5813183188438416,0.13436080515384675,0.5929461121559143,0.34732139110565188,-0.7264865636825562,0.03799567371606827,0.889123797416687,0.45608705282211306,0.8043451905250549,-0.29803839325904848,0.514005720615387]},{"Name":"Left Arm","CFrame":[0.8256622552871704,-0.4078337550163269,0.13197839260101319,0.671604335308075,0.7408892512321472,-0.005542827770113945,-0.40181228518486025,0.3705012798309326,0.8374220132827759,0.6224905848503113,-0.5601891279220581,0.5465287566184998]},{"Name":"Handle","CFrame":[0.14941495656967164,0.0008552856743335724,0.04638709872961044,0.550165593624115,0.20334474742412568,0.8099190592765808,0.31318163871765139,0.8488580584526062,-0.4258606433868408,-0.7741028666496277,0.4879456162452698,0.40332865715026858]},{"Name":"Circle.001","CFrame":[0,0,0,1,0,0,0,1,0,0,0,1]},{"Name":"Head","CFrame":[1.601874828338623e-7,-2.0489096641540528e-8,0.016662120819091798,0.31910136342048647,0.9457540512084961,-0.06102141737937927,-0.9475932121276856,0.31734031438827517,-0.0369119867682457,-0.015545093454420567,0.06960214674472809,0.9974537491798401]}]},{"Time":0.06666667014360428,"Poses":[{"Name":"HumanoidRootPart","CFrame":[0,0,0,1,0,0,0,1,0,0,0,1]},{"Name":"Torso","CFrame":[-0.00031711161136627197,-0.09599022567272186,-0.36265408992767336,0.33290141820907595,-0.942961573600769,-0.0003855471732094884,0.9378175735473633,0.33112797141075137,-0.1041753739118576,0.0983610451221466,0.034318555146455768,0.9945589303970337]},{"Name":"Left Leg","CFrame":[-0.41670453548431399,0.13273125886917115,-0.26455897092819216,0.4976452589035034,0.0335874930024147,-0.8667302131652832,0.3693752586841583,0.8959081768989563,0.24680013954639436,0.7848000526428223,-0.44296765327453616,0.4334380626678467]},{"Name":"Right Arm","CFrame":[-0.44864583015441897,-0.4064291715621948,-0.3140752911567688,0.455541729927063,-0.8491284847259522,-0.267324835062027,0.8871027827262878,0.4079122245311737,0.21600069105625153,-0.07436718791723252,-0.3355421721935272,0.9390852451324463]},{"Name":"Right Leg","CFrame":[0.19011971354484559,0.5463718175888062,0.1383727490901947,0.6883366107940674,0.28718703985214236,-0.6661203503608704,0.019601956009864808,0.9105914831161499,0.4128424823284149,0.7251265645027161,-0.29723191261291506,0.6211640238761902]},{"Name":"Left Arm","CFrame":[0.7168829441070557,-0.3876200318336487,0.1547631025314331,0.8714309930801392,0.48979678750038149,0.026591967791318895,-0.24242863059043885,0.38292545080184939,0.8914013504981995,0.42642274498939516,-0.7832415103912354,0.45243412256240847]},{"Name":"Handle","CFrame":[0.22412240505218507,0.0012829378247261048,0.06958065927028656,0.12453047931194306,0.44350433349609377,0.8875787854194641,0.5617612600326538,0.7058470249176025,-0.4315139651298523,-0.8178731799125671,0.552344024181366,-0.16124409437179566]},{"Name":"Circle.001","CFrame":[0,0,0,1,0,0,0,1,0,0,0,1]},{"Name":"Head","CFrame":[-3.725290298461914e-9,-1.6763806343078614e-8,0.01666221022605896,0.3796946406364441,0.9210888743400574,-0.08618222922086716,-0.9250975251197815,0.3785567879676819,-0.02982216700911522,0.005155990831553936,0.09105024486780167,0.9958330392837524]}]},{"Time":0.0833333358168602,"Poses":[{"Name":"HumanoidRootPart","CFrame":[0,0,0,1,0,0,0,1,0,0,0,1]},{"Name":"Torso","CFrame":[0.03243916481733322,-0.04705810546875,-0.3803133964538574,0.45024266839027407,-0.8920349478721619,0.039436791092157367,0.892631471157074,0.4485691785812378,-0.04466402158141136,0.022151755169034005,0.05531217157840729,0.9982233643531799]},{"Name":"Left Leg","CFrame":[-0.48380333185195925,0.07484215497970581,-0.33724722266197207,0.5817514657974243,-0.10948090255260468,-0.8059647679328919,0.531305193901062,0.8014301061630249,0.2746351659297943,0.6158572435379028,-0.587982714176178,0.5244009494781494]},{"Name":"Right Arm","CFrame":[-0.4564826190471649,-0.4392930567264557,-0.3214477300643921,0.4339999854564667,-0.8459661602973938,-0.30981501936912539,0.8960685133934021,0.3697238564491272,0.24569426476955415,-0.09330305457115174,-0.38424673676490786,0.9185037016868591]},{"Name":"Right Leg","CFrame":[0.24511785805225373,0.4976842999458313,0.13545066118240357,0.7924544215202332,0.18733152747154237,-0.5804505944252014,0.020476916804909707,0.9429581165313721,0.33228108286857607,0.6095873713493347,-0.2752035856246948,0.743415355682373]},{"Name":"Left Arm","CFrame":[0.5445882081985474,-0.36891210079193118,0.17347216606140138,0.9597363471984863,0.27959805727005007,0.027041517198085786,-0.13116954267024995,0.3609476387500763,0.9233154058456421,0.248396635055542,-0.8896864056587219,0.38308951258659365]},{"Name":"Handle","CFrame":[0.2788120210170746,0.0015960410237312317,0.0865594744682312,-0.1691661775112152,0.621435821056366,0.7649837136268616,0.7210696339607239,0.6071664690971375,-0.33377739787101748,-0.6718936562538147,0.49514272809028628,-0.5508105754852295]},{"Name":"Circle.001","CFrame":[0,0,0,1,0,0,0,1,0,0,0,1]},{"Name":"Head","CFrame":[1.0058283805847168e-7,7.35744833946228e-8,0.016662150621414186,0.46348080039024355,0.8771375417709351,-0.12575925886631013,-0.8847412467002869,0.4659588634967804,-0.010739309713244439,0.04917873442173004,0.11624190211296082,0.9920026659965515]}]},{"Time":0.10000000149011612,"Poses":[{"Name":"HumanoidRootPart","CFrame":[0,0,0,1,0,0,0,1,0,0,0,1]},{"Name":"Torso","CFrame":[0.09576048702001572,-0.0012485161423683167,-0.40442216396331789,0.5921003818511963,-0.7974109053611755,0.11641762405633927,0.8020307421684265,0.5971764922142029,0.01127270981669426,-0.0785108432173729,0.08669590204954148,0.993136465549469]},{"Name":"Left Leg","CFrame":[-0.529862642288208,0.036482036113739017,-0.3209405243396759,0.6589802503585815,-0.2794957160949707,-0.6983031630516052,0.6447782516479492,0.6879667639732361,0.3331107795238495,0.3873063623905182,-0.6697640419006348,0.6335692405700684]},{"Name":"Right Arm","CFrame":[-0.45864373445510867,-0.47194454073905947,-0.32511693239212038,0.42423611879348757,-0.8329365253448486,-0.3553033769130707,0.8985424041748047,0.33847329020500185,0.2793877422809601,-0.11245151609182358,-0.43778157234191897,0.8920212984085083]},{"Name":"Right Leg","CFrame":[0.2877226173877716,0.42581236362457278,0.1174437552690506,0.893355667591095,0.03168531879782677,-0.44823166728019717,0.06834407150745392,0.9763245582580566,0.20523039996623994,0.44412240386009219,-0.21397773921489716,0.8700395822525024]},{"Name":"Left Arm","CFrame":[0.2952238619327545,-0.3531090021133423,0.18121665716171266,0.9801830053329468,0.19679489731788636,0.022654788568615915,-0.09116420149803162,0.3465925455093384,0.9335752725601196,0.1758708506822586,-0.9171398282051086,0.3576648235321045]},{"Name":"Handle","CFrame":[0.2988298833370209,0.0017105862498283387,0.09277420490980149,-0.26059457659721377,0.6796804666519165,0.6856567859649658,0.7678084373474121,0.5764471292495728,-0.27960529923439028,-0.5852870941162109,0.4535893499851227,-0.67208331823349]},{"Name":"Circle.001","CFrame":[0,0,0,1,0,0,0,1,0,0,0,1]},{"Name":"Head","CFrame":[2.2351741790771486e-8,4.563480615615845e-8,0.01666247844696045,0.5733309388160706,0.7966607213020325,-0.19137294590473176,-0.8090969324111939,0.5873033404350281,0.020907921716570855,0.12905047833919526,0.14285211265087129,0.9812947511672974]}]},{"Time":0.11666666716337204,"Poses":[{"Name":"HumanoidRootPart","CFrame":[0,0,0,1,0,0,0,1,0,0,0,1]},{"Name":"Torso","CFrame":[0.19257348775863648,0.018698938190937043,-0.44291922450065615,0.7793514132499695,-0.5778199434280396,0.24235446751117707,0.587291955947876,0.8084401488304138,0.038893938064575198,-0.21840278804302216,0.11202074587345123,0.9694079160690308]},{"Name":"Left Leg","CFrame":[-0.6554275751113892,-0.06006580591201782,-0.2884378135204315,0.650879442691803,-0.5243354439735413,-0.5490248203277588,0.7524356842041016,0.5417308211326599,0.37465760111808779,0.10097746551036835,-0.6569627523422241,0.7471301555633545]},{"Name":"Right Arm","CFrame":[-0.456817626953125,-0.5040390491485596,-0.3262220621109009,0.44094035029411318,-0.7938236594200134,-0.41882646083831789,0.8888558149337769,0.32147350907325747,0.32648149132728579,-0.12452705204486847,-0.5162353515625,0.8473454713821411]},{"Name":"Right Leg","CFrame":[0.3337255120277405,0.29849642515182497,0.11607703566551209,0.9541263580322266,-0.12068970501422882,-0.2740016281604767,0.12074719369411469,0.9925425052642822,-0.016720831394195558,0.2739763855934143,-0.01713123731315136,0.9615838527679443]},{"Name":"Left Arm","CFrame":[-0.27079081535339358,-0.34486374258995058,0.08920222520828247,0.9049548506736755,0.41810038685798647,0.07905035465955734,-0.20594827830791474,0.2678098678588867,0.9412031173706055,0.37234678864479067,-0.8680265545845032,0.3284628987312317]},{"Name":"Handle","CFrame":[0.28959399461746218,-0.0020825043320655824,0.09640682488679886,-0.20672713220119477,0.7473196387290955,0.6314881443977356,0.7990455031394959,0.5014220476150513,-0.33181652426719668,-0.5646150708198547,0.4359923303127289,-0.7007999420166016]},{"Name":"Circle.001","CFrame":[0,0,0,1,0,0,0,1,0,0,0,1]},{"Name":"Head","CFrame":[1.043081283569336e-7,-9.313225746154785e-8,0.0166623592376709,0.737737774848938,0.6040254235267639,-0.3014901876449585,-0.621415913105011,0.7821090817451477,0.04634242132306099,0.2637902498245239,0.15316221117973329,0.9523424506187439]}]},{"Time":0.13333334028720857,"Poses":[{"Name":"HumanoidRootPart","CFrame":[0,0,0,1,0,0,0,1,0,0,0,1]},{"Name":"Torso","CFrame":[0.28413060307502749,-0.02631732076406479,-0.495618611574173,0.9166513681411743,-0.13377949595451356,0.3766343295574188,0.14725440740585328,0.9890734553337097,-0.00707106851041317,-0.3715730309486389,0.06194278225302696,0.9263350367546082]},{"Name":"Left Leg","CFrame":[-0.7722017765045166,-0.16246700286865235,-0.16160571575164796,0.5470046997070313,-0.7646405696868897,-0.3407502770423889,0.8256086707115173,0.42546340823173525,0.37060943245887759,-0.13840623199939729,-0.48405149579048159,0.86402428150177]},{"Name":"Right Arm","CFrame":[-0.4531979560852051,-0.5355152487754822,-0.32582980394363406,0.48956090211868288,-0.7127084732055664,-0.5023711919784546,0.8636821508407593,0.31710052490234377,0.39179155230522158,-0.1199309378862381,-0.6256946921348572,0.7707935571670532]},{"Name":"Right Leg","CFrame":[0.41746416687965395,0.11448478698730469,0.07261228561401367,0.9900256395339966,-0.1252855509519577,-0.06444349139928818,0.10507658869028092,0.9613108038902283,-0.25463825464248659,0.09385276585817337,0.24532689154148103,0.9648868441581726]},{"Name":"Left Arm","CFrame":[-1.0160534381866456,-0.3468009829521179,-0.09732350707054138,0.5617302060127258,0.8063505291938782,0.18508923053741456,-0.35445281863212588,0.03241592273116112,0.9345119595527649,0.7475442290306091,-0.5905488729476929,0.3040221929550171]},{"Name":"Handle","CFrame":[0.26329249143600466,-0.012884322553873062,0.10675160586833954,-0.03657311946153641,0.8932579159736633,0.44805461168289187,0.8563595414161682,0.2591085433959961,-0.4466668963432312,-0.5150834918022156,0.36735981702804568,-0.774426281452179]},{"Name":"Circle.001","CFrame":[0,0,0,1,0,0,0,1,0,0,0,1]},{"Name":"Head","CFrame":[-1.341104507446289e-7,-4.190951585769653e-9,0.01666221022605896,0.8786537051200867,0.19827640056610108,-0.43434351682662966,-0.22405984997749329,0.9745393991470337,-0.0083871278911829,0.4216218888759613,0.10468834638595581,0.9007083177566528]}]},{"Time":0.15000000596046449,"Poses":[{"Name":"HumanoidRootPart","CFrame":[0,0,0,1,0,0,0,1,0,0,0,1]},{"Name":"Torso","CFrame":[0.28829798102378847,-0.1182536706328392,-0.5296354293823242,0.8097071051597595,0.4131149351596832,0.41678598523139956,-0.40823206305503847,0.9067421555519104,-0.10566630959510803,-0.42156973481178286,-0.08458662778139115,0.9028421640396118]},{"Name":"Left Leg","CFrame":[-0.7483022212982178,-0.19612354040145875,0.04908037185668945,0.43476054072380068,-0.8972026109695435,-0.07753024995326996,0.8493359684944153,0.3798968195915222,0.36647889018058779,-0.29935240745544436,-0.22517971694469453,0.9271905422210693]},{"Name":"Right Arm","CFrame":[-0.44806089997291567,-0.5666019916534424,-0.32335901260375979,0.5552161335945129,-0.5920426249504089,-0.584140956401825,0.8263333439826965,0.31296923756599429,0.4682130217552185,-0.09438392519950867,-0.74265456199646,0.662990152835846]},{"Name":"Right Leg","CFrame":[0.5132638812065125,0.030757606029510499,-0.034363627433776858,0.9917428493499756,0.006213506683707237,0.12809182703495027,0.03286297246813774,0.9531600475311279,-0.30067574977874758,-0.12396024167537689,0.3024025857448578,0.9450855255126953]},{"Name":"Left Arm","CFrame":[-1.388453722000122,-0.35197871923446658,-0.2516135573387146,0.06784223020076752,0.9755690097808838,0.2089558094739914,-0.3223777711391449,-0.1767684519290924,0.9299600720405579,0.9441769123077393,-0.1304531991481781,0.3025093674659729]},{"Name":"Handle","CFrame":[0.22392937541007996,-0.029050301760435106,0.12223359942436218,0.23769205808639527,0.9636020660400391,0.12236618995666504,0.8480404615402222,-0.1444392204284668,-0.5098673105239868,-0.4736347794532776,0.22496286034584046,-0.8515055775642395]},{"Name":"Circle.001","CFrame":[0,0,0,1,0,0,0,1,0,0,0,1]},{"Name":"Head","CFrame":[-1.6391277313232423e-7,-7.450580596923828e-9,0.01666206121444702,0.8169923424720764,-0.3324876129627228,-0.47114306688308718,0.28322848677635195,0.9430644512176514,-0.17438824474811555,0.5023000240325928,0.009032856673002243,0.8646461367607117]}]},{"Time":0.1666666716337204,"Poses":[{"Name":"HumanoidRootPart","CFrame":[0,0,0,1,0,0,0,1,0,0,0,1]},{"Name":"Torso","CFrame":[0.19904878735542298,-0.10152602195739746,-0.5156873464584351,0.5263028144836426,0.7741574048995972,0.3516896367073059,-0.8101215362548828,0.5821689367294312,-0.06915536522865296,-0.258279949426651,-0.24851465225219727,0.9335587620735169]},{"Name":"Left Leg","CFrame":[-0.5589219927787781,-0.26941007375717165,0.16866016387939454,0.3442646265029907,-0.9319411516189575,0.11387529969215393,0.8868980407714844,0.36260122060775759,0.2862379848957062,-0.3080483078956604,0.0024541609454900028,0.9513676762580872]},{"Name":"Right Arm","CFrame":[-0.44198668003082278,-0.5973835587501526,-0.31829941272735598,0.6215817928314209,-0.44398534297943118,-0.6453781723976135,0.7818472385406494,0.3006270229816437,0.5462037324905396,-0.04848833382129669,-0.8440974354743958,0.5339930057525635]},{"Name":"Right Leg","CFrame":[0.6280372738838196,0.1268412470817566,-0.15638834238052369,0.9539455771446228,0.1115039736032486,0.278486430644989,-0.09742268919944763,0.9931865930557251,-0.0639471784234047,-0.28371942043304446,0.033871136605739596,0.95830899477005]},{"Name":"Left Arm","CFrame":[-1.3166964054107667,-0.3736001253128052,-0.30901390314102175,-0.3480096757411957,0.9300429224967957,0.11793915927410126,-0.21534913778305055,-0.20174460113048554,0.9554705619812012,0.9124221205711365,0.307114839553833,0.27049294114112856]},{"Name":"Handle","CFrame":[0.17749744653701783,-0.04811936989426613,0.14049583673477174,0.5275561213493347,0.8075248599052429,-0.26379531621932986,0.6985238194465637,-0.589066207408905,-0.4062819480895996,-0.4834757447242737,0.03006918728351593,-0.8748408555984497]},{"Name":"Circle.001","CFrame":[0,0,0,1,0,0,0,1,0,0,0,1]},{"Name":"Head","CFrame":[2.8312206268310549e-7,4.470348358154297e-8,0.016661792993545533,0.613440215587616,-0.7322337031364441,-0.2958461046218872,0.6322926878929138,0.6798269152641296,-0.37153908610343935,0.4731777310371399,0.0408555306494236,0.8800191879272461]}]},{"Time":0.18333333730697633,"Poses":[{"Name":"HumanoidRootPart","CFrame":[0,0,0,1,0,0,0,1,0,0,0,1]},{"Name":"Torso","CFrame":[0.13709869980812074,0.02043575420975685,-0.5155510902404785,0.2838645577430725,0.9040283560752869,0.3196147680282593,-0.9588642716407776,0.26743975281715395,0.09515979140996933,0.0005494130891747773,-0.333479642868042,0.9427571296691895]},{"Name":"Left Leg","CFrame":[-0.3067760467529297,-0.32362496852874758,0.11800628900527954,0.3482033908367157,-0.9153192043304443,0.20234890282154084,0.9168093204498291,0.377533882856369,0.13011139631271363,-0.1954869031906128,0.14021001756191255,0.9706317186355591]},{"Name":"Right Arm","CFrame":[-0.4358298182487488,-0.6277130842208862,-0.3104669451713562,0.6756121516227722,-0.29071828722953799,-0.6775183081626892,0.7371931672096252,0.27850961685180666,0.6156125068664551,0.009725512936711312,-0.915377140045166,0.4024801254272461]},{"Name":"Right Leg","CFrame":[0.6528355479240418,0.2506314516067505,-0.30305108428001406,0.9208606481552124,0.05360997095704079,0.3861887753009796,-0.17255854606628419,0.944250226020813,0.2803839147090912,-0.3496273159980774,-0.3248346149921417,0.8787736296653748]},{"Name":"Left Arm","CFrame":[-1.1865904331207276,-0.4103446304798126,-0.31956470012664797,-0.6468367576599121,0.762355625629425,0.0204003993421793,-0.1452651023864746,-0.14942589402198792,0.9780440330505371,0.7486656904220581,0.6296713352203369,0.20739755034446717]},{"Name":"Handle","CFrame":[0.13106559216976167,-0.0671885535120964,0.1587582528591156,0.7089977860450745,0.4341948628425598,-0.5556949973106384,0.4365977644920349,-0.8890669345855713,-0.13763201236724854,-0.5538091063499451,-0.14503440260887147,-0.8199149966239929]},{"Name":"Circle.001","CFrame":[0,0,0,1,0,0,0,1,0,0,0,1]},{"Name":"Head","CFrame":[1.387670636177063e-7,-5.960464477539063e-8,0.01666274666786194,0.4565548300743103,-0.8891520500183106,-0.031087378039956094,0.7668756246566773,0.41100364923477175,-0.49292781949043276,0.4510648250579834,0.20120841264724732,0.8695147037506104]}]},{"Time":0.20000000298023225,"Poses":[{"Name":"HumanoidRootPart","CFrame":[0,0,0,1,0,0,0,1,0,0,0,1]},{"Name":"Torso","CFrame":[0.12940335273742677,0.10721041262149811,-0.5417986512184143,0.20268604159355164,0.9169555306434631,0.34367284178733828,-0.9678059816360474,0.13409261405467988,0.21300433576107026,0.1492314636707306,-0.3757816553115845,0.914613664150238]},{"Name":"Left Leg","CFrame":[-0.132360577583313,-0.2866637706756592,0.038492679595947269,0.39499667286872866,-0.8928262591362,0.21642297506332398,0.9141296148300171,0.4054020345211029,0.004045045468956232,-0.09134978801012039,0.19624090194702149,0.976291298866272]},{"Name":"Right Arm","CFrame":[-0.43046969175338747,-0.6572397947311401,-0.30012190341949465,0.7115073204040527,-0.1574377715587616,-0.6848142743110657,0.6994708776473999,0.25170406699180605,0.668868899345398,0.06706530600786209,-0.9549127817153931,0.2892123758792877]},{"Name":"Right Leg","CFrame":[0.6537456512451172,0.2838636636734009,-0.3826494812965393,0.9060918688774109,0.026396656408905984,0.42225679755210879,-0.23293966054916383,0.8642822504043579,0.4458199143409729,-0.35318079590797427,-0.5023141503334045,0.7892680168151856]},{"Name":"Left Arm","CFrame":[-1.118690848350525,-0.4306369423866272,-0.33437320590019228,-0.7881995439529419,0.6152069568634033,0.01618223823606968,-0.08676578849554062,-0.13711926341056825,0.9867472052574158,0.609272837638855,0.7763495445251465,0.16145606338977815]},{"Name":"Handle","CFrame":[0.09170252084732056,-0.08335455507040024,0.17424029111862184,0.7412322759628296,0.01956622302532196,-0.6709634065628052,0.17734713852405549,-0.9697651863098145,0.16764071583747865,-0.6473969221115112,-0.243254154920578,-0.7222912907600403]},{"Name":"Circle.001","CFrame":[0,0,0,1,0,0,0,1,0,0,0,1]},{"Name":"Head","CFrame":[1.6391277313232423e-7,0,0.016661792993545533,0.4317006468772888,-0.8960185050964356,0.10385299474000931,0.76589035987854,0.30329352617263796,-0.5669435262680054,0.4764939546585083,0.32428982853889468,0.8171839714050293]}]},{"Time":0.21666666865348817,"Poses":[{"Name":"HumanoidRootPart","CFrame":[0,0,0,1,0,0,0,1,0,0,0,1]},{"Name":"Torso","CFrame":[0.14397428929805757,0.13430939614772798,-0.5632110238075256,0.22409392893314362,0.8970673084259033,0.3808572292327881,-0.9583976864814758,0.13195782899856568,0.2531028985977173,0.17679326236248017,-0.4217315912246704,0.8893181085586548]},{"Name":"Left Leg","CFrame":[-0.09213125705718994,-0.28306153416633608,0.007411777973175049,0.3889145255088806,-0.9008573889732361,0.1928769052028656,0.9210431575775147,0.3848859369754791,-0.05951757729053497,-0.02061867155134678,0.20079509913921357,0.9794163107872009]},{"Name":"Right Arm","CFrame":[-0.4266042113304138,-0.6855209469795227,-0.2878391742706299,0.7302844524383545,-0.06527333706617356,-0.6800177693367004,0.6742873191833496,0.22863519191741944,0.7021841406822205,0.10964212566614151,-0.9713215231895447,0.21098178625106812]},{"Name":"Right Leg","CFrame":[0.707976222038269,0.2625107765197754,-0.39491304755210879,0.9021225571632385,0.11849494278430939,0.41489022970199587,-0.3170855641365051,0.8341852426528931,0.4512116312980652,-0.29262876510620119,-0.5386038422584534,0.790110170841217]},{"Name":"Left Arm","CFrame":[-1.1422457695007325,-0.3918880522251129,-0.38744446635246279,-0.832127034664154,0.5494679808616638,0.07516404986381531,-0.03343362733721733,-0.18498797714710236,0.9821719527244568,0.5535763502120972,0.814778745174408,0.17230413854122163]},{"Name":"Handle","CFrame":[0.06540100276470185,-0.09415638446807862,0.18458512425422669,0.6958035230636597,-0.26647311449050906,-0.6669704914093018,0.011150002479553223,-0.9245085716247559,0.3809986412525177,-0.7181457281112671,-0.27253690361976626,-0.6403051614761353]},{"Name":"Circle.001","CFrame":[0,0,0,1,0,0,0,1,0,0,0,1]},{"Name":"Head","CFrame":[8.568167686462403e-8,-1.4901161193847657e-7,0.0166623592376709,0.4778207838535309,-0.87256920337677,0.10153942555189133,0.7064455151557922,0.31297987699508669,-0.6348059177398682,0.5221322774887085,0.3750556707382202,0.765970766544342]}]},{"Time":0.23333333432674409,"Poses":[{"Name":"HumanoidRootPart","CFrame":[0,0,0,1,0,0,0,1,0,0,0,1]},{"Name":"Torso","CFrame":[0.1557878702878952,0.14675629138946534,-0.5770536661148071,0.2590583562850952,0.8767572045326233,0.4051980674266815,-0.9497703313827515,0.15498273074626923,0.27187618613243105,0.17557072639465333,-0.4552769362926483,0.8728676438331604]},{"Name":"Left Leg","CFrame":[-0.1119469404220581,-0.3231637179851532,-0.012244701385498047,0.3657689094543457,-0.9165434837341309,0.16174453496932984,0.9296041131019592,0.35132336616516116,-0.11139189451932907,0.0452708899974823,0.19110207259655,0.9805256724357605]},{"Name":"Right Arm","CFrame":[-0.4247581362724304,-0.7121399641036987,-0.2742472290992737,0.7353983521461487,-0.030369240790605546,-0.6769542098045349,0.665918231010437,0.21735768020153047,0.7136586308479309,0.1254679411649704,-0.9756195545196533,0.18006792664527894]},{"Name":"Right Leg","CFrame":[0.7516981959342957,0.23987019062042237,-0.37419193983078005,0.8990710377693176,0.2104090452194214,0.38392627239227297,-0.376814603805542,0.8183707594871521,0.4339125156402588,-0.2228948473930359,-0.5347871780395508,0.8150586485862732]},{"Name":"Left Arm","CFrame":[-1.1899528503417969,-0.3049347698688507,-0.460789293050766,-0.8508445620536804,0.5131609439849854,0.11282408982515335,-0.015422137454152108,-0.23903119564056397,0.9708895087242127,0.5251911282539368,0.824336051940918,0.2112922966480255]},{"Name":"Handle","CFrame":[0.05616509169340134,-0.09794943034648895,0.1882176548242569,0.6677104234695435,-0.3630637526512146,-0.6498829126358032,-0.0425877571105957,-0.8902046084403992,0.45356619358062746,-0.7432021498680115,-0.2751738429069519,-0.609860897064209]},{"Name":"Circle.001","CFrame":[0,0,0,1,0,0,0,1,0,0,0,1]},{"Name":"Head","CFrame":[8.940696716308594e-8,-1.4901161193847657e-7,0.016662150621414186,0.5235791206359863,-0.8491275906562805,0.06962230801582337,0.6463744044303894,0.3426612317562103,-0.6817503571510315,0.555036187171936,0.40195232629776,0.7282645106315613]}]},{"Time":0.25,"Poses":[{"Name":"HumanoidRootPart","CFrame":[0,0,0,1,0,0,0,1,0,0,0,1]},{"Name":"Torso","CFrame":[0.16207998991012574,0.15199534595012666,-0.5835897922515869,0.3002530038356781,0.8581095933914185,0.4165286421775818,-0.9404487013816834,0.1933474987745285,0.27959465980529787,0.15938812494277955,-0.47567296028137209,0.8650611639022827]},{"Name":"Left Leg","CFrame":[-0.15859317779541017,-0.3844881057739258,-0.03262358903884888,0.339451402425766,-0.9310065507888794,0.13416297733783723,0.9349662065505981,0.31833985447883608,-0.15651842951774598,0.10301024466753006,0.17856822907924653,0.9785204529762268]},{"Name":"Right Arm","CFrame":[-0.4241604208946228,-0.7371296882629395,-0.2596786618232727,0.7343137264251709,-0.029573973268270494,-0.6781659126281738,0.6673386096954346,0.21434536576271058,0.7132427096366882,0.12426836043596268,-0.976310133934021,0.1771327406167984]},{"Name":"Right Leg","CFrame":[0.7876918911933899,0.2217499017715454,-0.33238619565963747,0.8950062990188599,0.29552212357521059,0.33411142230033877,-0.41895052790641787,0.8140550255775452,0.4022374153137207,-0.1531149297952652,-0.49998125433921816,0.8523935675621033]},{"Name":"Left Arm","CFrame":[-1.2370984554290772,-0.21796277165412904,-0.525804340839386,-0.8605952858924866,0.49114561080932619,0.13472861051559449,-0.017649667337536813,-0.2931450605392456,0.9559051394462586,0.5089836120605469,0.8202695846557617,0.26094773411750796]},{"Name":"Handle","CFrame":[0.05507805198431015,-0.09568236023187638,0.1847061812877655,0.6735167503356934,-0.3642922341823578,-0.6431689262390137,-0.009785741567611695,-0.8744388818740845,0.48503661155700686,-0.7391071319580078,-0.3203864097595215,-0.5925140976905823]},{"Name":"Circle.001","CFrame":[0,0,0,1,0,0,0,1,0,0,0,1]},{"Name":"Head","CFrame":[2.3283064365386964e-7,-2.384185791015625e-7,0.016662031412124635,0.5630978941917419,-0.8260068893432617,0.02516983449459076,0.5946613550186157,0.3838613033294678,-0.7064195275306702,0.5738455653190613,0.412750780582428,0.7073457837104797]}]},{"Time":0.2666666805744171,"Poses":[{"Name":"HumanoidRootPart","CFrame":[0,0,0,1,0,0,0,1,0,0,0,1]},{"Name":"Torso","CFrame":[0.15953212976455689,0.1560536026954651,-0.5840083360671997,0.3411105275154114,0.8439433574676514,0.41400888562202456,-0.929124653339386,0.23582357168197633,0.28480663895606997,0.14272761344909669,-0.4818164110183716,0.8645703196525574]},{"Name":"Left Leg","CFrame":[-0.19934463500976563,-0.43567711114883425,-0.05402892827987671,0.33019307255744936,-0.9358913898468018,0.12280072271823883,0.9318410754203796,0.30245906114578249,-0.2004760056734085,0.15048153698444367,0.1806264966726303,0.9719719290733337]},{"Name":"Right Arm","CFrame":[-0.4235263764858246,-0.760696530342102,-0.24413320422172547,0.73274165391922,-0.03075716644525528,-0.6798115372657776,0.6695563793182373,0.2110772579908371,0.7121380567550659,0.12158940732479096,-0.9769853353500366,0.17525887489318849]},{"Name":"Right Leg","CFrame":[0.8183467388153076,0.2132549285888672,-0.2817864418029785,0.890133261680603,0.36482110619544985,0.2730722725391388,-0.44654807448387148,0.8177984356880188,0.36304354667663576,-0.09087202697992325,-0.44509708881378176,0.8908596634864807]},{"Name":"Left Arm","CFrame":[-1.2590521574020386,-0.1791149377822876,-0.5539312362670898,-0.872638463973999,0.4656919240951538,0.1470819115638733,-0.022986682131886483,-0.34000417590141299,0.9401430487632752,0.48782557249069216,0.8170239925384522,0.3074052333831787]},{"Name":"Handle","CFrame":[0.05189107358455658,-0.0890357717871666,0.17441120743751527,0.6910319328308106,-0.36543038487434389,-0.6236469745635986,0.0846053957939148,-0.8159695863723755,0.5718702077865601,-0.71785569190979,-0.44794443249702456,-0.532943606376648]},{"Name":"Circle.001","CFrame":[0,0,0,1,0,0,0,1,0,0,0,1]},{"Name":"Head","CFrame":[-1.043081283569336e-7,0,0.016661912202835084,0.5945070385932922,-0.80397629737854,-0.013550078496336937,0.5617007613182068,0.42729446291923525,-0.708457350730896,0.5753726959228516,0.41357186436653139,0.7056235074996948]}]},{"Time":0.28333333134651186,"Poses":[{"Name":"HumanoidRootPart","CFrame":[0,0,0,1,0,0,0,1,0,0,0,1]},{"Name":"Torso","CFrame":[0.13879448175430299,0.154697448015213,-0.5741145014762878,0.37481120228767397,0.8415684103965759,0.3889462947845459,-0.9178829789161682,0.2778346836566925,0.2833705246448517,0.13041293621063233,-0.4632176458835602,0.8765968084335327]},{"Name":"Left Leg","CFrame":[-0.22269141674041749,-0.46073687076568606,-0.06760722398757935,0.3559193015098572,-0.9247472882270813,0.13477423787117005,0.9171077013015747,0.31792962551116946,-0.24048765003681184,0.17954155802726746,0.20919664204120637,0.9612500071525574]},{"Name":"Right Arm","CFrame":[-0.42259958386421206,-0.7827398777008057,-0.22762155532836915,0.729788601398468,-0.035482343286275867,-0.6827516555786133,0.6738309860229492,0.2061699628829956,0.7095390558242798,0.1155867725610733,-0.9778727293014526,0.17436949908733369]},{"Name":"Right Leg","CFrame":[0.8390782475471497,0.2260204553604126,-0.229079931974411,0.893580436706543,0.3986436724662781,0.20639103651046754,-0.44640418887138369,0.8375619649887085,0.3149815499782562,-0.047299791127443317,-0.373595267534256,0.9263851046562195]},{"Name":"Left Arm","CFrame":[-1.2482903003692628,-0.1860172152519226,-0.5409716963768005,-0.893531084060669,0.42222440242767336,0.15273725986480714,-0.018763097003102304,-0.3749867081642151,0.9268404245376587,0.4486091434955597,0.8252947926521301,0.34298425912857058]},{"Name":"Handle","CFrame":[0.04682132601737976,-0.07846257090568543,0.15803426504135133,0.7196778655052185,-0.3596704602241516,-0.5938863158226013,0.22545701265335084,-0.6879513263702393,0.6898494958877564,-0.6566832661628723,-0.630365252494812,-0.41401317715644839]},{"Name":"Circle.001","CFrame":[0,0,0,1,0,0,0,1,0,0,0,1]},{"Name":"Head","CFrame":[-1.2479722499847413e-7,-3.5762786865234377e-7,0.01666244864463806,0.6175385117530823,-0.7856369614601135,-0.037693776190280917,0.5605848431587219,0.47324323654174807,-0.6795482635498047,0.5517163276672363,0.3985167145729065,0.7326619625091553]}]}]