[{"Time":0,"Poses":[{"Name":"HumanoidRootPart","CFrame":[0,0,0,1,0,0,0,1,0,0,0,1]},{"Name":"Torso","CFrame":[0.09936919808387757,0.14037084579467774,-0.5536739826202393,0.4026269018650055,0.849345862865448,0.34132564067840578,-0.9080184102058411,0.32344508171081545,0.2662440538406372,0.11573316901922226,-0.41712698340415957,0.9014493823051453]},{"Name":"Left Leg","CFrame":[-0.22690272331237794,-0.4562883675098419,-0.06359004974365235,0.4134460687637329,-0.8947416543960571,0.16881884634494782,0.8936251997947693,0.36317554116249087,-0.2636997401714325,0.1746322214603424,0.25988635420799258,0.9497172236442566]},{"Name":"Left Arm","CFrame":[-1.2199833393096924,-0.20150530338287354,-0.507502555847168,-0.9177466630935669,0.3664405345916748,0.15317460894584657,-0.007738037966191769,-0.4020928740501404,0.9155663847923279,0.39709100127220156,0.8390725255012512,0.3718544840812683]},{"Name":"Handle","CFrame":[0.040214262902736667,-0.0646832287311554,0.13669133186340333,0.7562853097915649,-0.3387638330459595,-0.5597066283226013,0.38141536712646487,-0.4667814373970032,0.797895610332489,-0.5315588116645813,-0.8169174790382385,-0.22381022572517396]},{"Name":"Right Arm","CFrame":[-0.4211219847202301,-0.8031642436981201,-0.21015110611915589,0.7244604825973511,-0.04529516398906708,-0.6878266930580139,0.6813663840293884,0.1981663852930069,0.7046063542366028,0.10438887029886246,-0.9791213274002075,0.1744263619184494]},{"Name":"Head","CFrame":[-1.6763806343078614e-8,-2.384185791015625e-7,0.01666244864463806,0.6355950236320496,-0.7702548503875732,-0.052215687930583957,0.5871887803077698,0.5262282490730286,-0.6150555610656738,0.5012268424034119,0.3602658808231354,0.7867529988288879]},{"Name":"Circle.001","CFrame":[0,0,0,1,0,0,0,1,0,0,0,1]},{"Name":"Right Leg","CFrame":[0.8442556858062744,0.2543296813964844,-0.17833712697029115,0.9092833399772644,0.38900697231292727,0.1479104608297348,-0.41477373242378237,0.876221239566803,0.2453550100326538,-0.034157294780015948,-0.2844465672969818,0.9580832123756409]}]},{"Time":0.01666666753590107,"Poses":[{"Name":"HumanoidRootPart","CFrame":[0,0,0,1,0,0,0,1,0,0,0,1]},{"Name":"Torso","CFrame":[0.05005829036235809,0.1138034388422966,-0.5298696756362915,0.43042200803756716,0.8574725389480591,0.28191810846328738,-0.8975560665130615,0.3735288083553314,0.23424220085144044,0.09555176645517349,-0.3538602888584137,0.9304046630859375]},{"Name":"Left Leg","CFrame":[-0.19286715984344483,-0.42109349370002749,-0.04000121355056763,0.48408401012420657,-0.8441261053085327,0.2304648905992508,0.8665227890014648,0.42583656311035159,-0.26038703322410586,0.12165898084640503,0.3257521688938141,0.9375950694084168]},{"Name":"Left Arm","CFrame":[-1.183565616607666,-0.2215670347213745,-0.46210193634033205,-0.9383999705314636,0.3104446530342102,0.15175575017929078,0.004689874593168497,-0.4276871383190155,0.9039146304130554,0.3455192744731903,0.8489452004432678,0.39988580346107485]},{"Name":"Handle","CFrame":[0.03252020478248596,-0.048636894673109058,0.11183704435825348,0.7939714193344116,-0.2977070212364197,-0.5300754308700562,0.507303774356842,-0.15607041120529176,0.8475170135498047,-0.33504077792167666,-0.941813588142395,0.027112409472465516]},{"Name":"Right Arm","CFrame":[-0.4188343584537506,-0.8218754529953003,-0.19172489643096925,0.7155510187149048,-0.06170611083507538,-0.6958298087120056,0.6932368278503418,0.18546482920646668,0.6964375972747803,0.0860775038599968,-0.9807115197181702,0.1754867285490036]},{"Name":"Head","CFrame":[-5.774199962615967e-8,2.9802322387695315e-8,0.016662508249282838,0.6538841128349304,-0.7542340159416199,-0.05972183868288994,0.6246728897094727,0.5827217102050781,-0.5198261737823486,0.4268716275691986,0.3025995194911957,0.8521819710731506]},{"Name":"Circle.001","CFrame":[0,0,0,1,0,0,0,1,0,0,0,1]},{"Name":"Right Leg","CFrame":[0.8376981616020203,0.2785741686820984,-0.14246287941932679,0.9309576153755188,0.34390896558761599,0.12265631556510925,-0.3600248098373413,0.9205676913261414,0.15145035088062287,-0.06082819402217865,-0.18515315651893617,0.9808253049850464]}]},{"Time":0.03333333507180214,"Poses":[{"Name":"HumanoidRootPart","CFrame":[0,0,0,1,0,0,0,1,0,0,0,1]},{"Name":"Torso","CFrame":[-0.0007281899452209473,0.07555625587701798,-0.5080361366271973,0.4642618000507355,0.8576785326004028,0.22101721167564393,-0.8832159042358398,0.429645299911499,0.18797549605369569,0.06626357138156891,-0.2824757397174835,0.9569830894470215]},{"Name":"Left Leg","CFrame":[-0.09680968523025513,-0.3481573760509491,-0.006199777126312256,0.5432837605476379,-0.7714287638664246,0.33127132058143618,0.8395490646362305,0.4989811182022095,-0.2148839682340622,0.0004695467068813741,0.3948614299297333,0.9187406301498413]},{"Name":"Left Arm","CFrame":[-1.1484507322311402,-0.24219906330108643,-0.41327670216560366,-0.9516818523406982,0.2668851315975189,0.15190093219280244,0.013191593810915947,-0.4586668610572815,0.888510525226593,0.30680209398269656,0.847582995891571,0.432983934879303]},{"Name":"Handle","CFrame":[0.024263445287942888,-0.031417038291692737,0.08516505360603333,0.8237104415893555,-0.23902538418769837,-0.514167308807373,0.5600035190582275,0.20082610845565797,0.8037817478179932,-0.08886595070362091,-0.9500188827514648,0.2992776036262512]},{"Name":"Right Arm","CFrame":[-0.415475994348526,-0.8387904763221741,-0.17233708500862122,0.7014803290367127,-0.08613831549882889,-0.7074642777442932,0.7102699279785156,0.166212260723114,0.6840248703956604,0.058668531477451327,-0.9823205471038818,0.17777615785598756]},{"Name":"Head","CFrame":[-2.0489096641540528e-8,1.1920928955078126e-7,0.016662240028381349,0.6777986288070679,-0.7325954437255859,-0.06239203363656998,0.6558701992034912,0.6407949328422546,-0.3990190327167511,0.33230000734329226,0.2295335829257965,0.9148174524307251]},{"Name":"Circle.001","CFrame":[0,0,0,1,0,0,0,1,0,0,0,1]},{"Name":"Right Leg","CFrame":[0.8269142508506775,0.28969454765319826,-0.14203816652297975,0.9500369429588318,0.26975661516189577,0.15703962743282319,-0.27963364124298098,0.9590887427330017,0.04420340806245804,-0.13869057595729829,-0.0859084501862526,0.9866026043891907]}]},{"Time":0.05000000074505806,"Poses":[{"Name":"HumanoidRootPart","CFrame":[0,0,0,1,0,0,0,1,0,0,0,1]},{"Name":"Torso","CFrame":[-0.04429742693901062,0.02559330314397812,-0.4913663864135742,0.5104899406433106,0.843060314655304,0.16926123201847077,-0.8595606088638306,0.4949173629283905,0.12732847034931184,0.023575270548462869,-0.2104901671409607,0.9773116707801819]},{"Name":"Left Leg","CFrame":[0.08540260791778565,-0.20724350214004517,-0.00016176700592041016,0.5547844171524048,-0.6766067147254944,0.4841668903827667,0.8027677536010742,0.5882079601287842,-0.0978538915514946,-0.21858230233192445,0.44296154379844668,0.8694866895675659]},{"Name":"Left Arm","CFrame":[-1.1240427494049073,-0.25941020250320437,-0.369528204202652,-0.9555986523628235,0.24893803894519807,0.15767435729503632,0.011773553676903248,-0.5024026036262512,0.8645538091659546,0.29443639516830447,0.8280227184295654,0.4771641790866852]},{"Name":"Handle","CFrame":[0.016006680205464364,-0.014197179116308689,0.05849304422736168,0.8384522795677185,-0.17301876842975617,-0.51678067445755,0.5206121206283569,0.5346494913101196,0.6656672954559326,0.16112355887889863,-0.8271725177764893,0.5383537411689758]},{"Name":"Right Arm","CFrame":[-0.4107798933982849,-0.8538355231285095,-0.15196579694747926,0.6800909638404846,-0.11982756108045578,-0.7232688069343567,0.7328517436981201,0.13818904757499696,0.6662074327468872,0.020117856562137605,-0.9831303358078003,0.18179695308208466]},{"Name":"Head","CFrame":[1.2293457984924317e-7,1.4901161193847657e-8,0.016662180423736573,0.7133737802505493,-0.698127031326294,-0.06096359342336655,0.663957953453064,0.7011534571647644,-0.2598915994167328,0.22418217360973359,0.14492259919643403,0.9637115597724915]},{"Name":"Circle.001","CFrame":[0,0,0,1,0,0,0,1,0,0,0,1]},{"Name":"Right Leg","CFrame":[0.813247799873352,0.2968350052833557,-0.20290303230285645,0.9462522268295288,0.16631583869457246,0.2773912250995636,-0.1588885486125946,0.98606938123703,-0.04920985922217369,-0.2817114591598511,0.0024906403850764038,0.9594960808753967]}]},{"Time":0.06666667014360428,"Poses":[{"Name":"HumanoidRootPart","CFrame":[0,0,0,1,0,0,0,1,0,0,0,1]},{"Name":"Torso","CFrame":[-0.05237086862325668,-0.047546643763780597,-0.485961377620697,0.5780103206634522,0.7998227477073669,0.16182594001293183,-0.8135813474655151,0.5801807641983032,0.03841565549373627,-0.06316257268190384,-0.15386320650577546,0.9860712885856628]},{"Name":"Left Leg","CFrame":[0.3258710503578186,0.06950604915618897,-0.13258260488510133,0.45402398705482485,-0.589306652545929,0.6682662963867188,0.6891310214996338,0.7076764702796936,0.15586066246032716,-0.564765989780426,0.38975852727890017,0.7274115681648254]},{"Name":"Left Arm","CFrame":[-1.1092497110366822,-0.2715020775794983,-0.3354971408843994,-0.9117096662521362,0.3786448836326599,0.15941663086414338,-0.06466533243656159,-0.5154527425765991,0.8544747233390808,0.405714213848114,0.7687240839004517,0.49442818760871889]},{"Name":"Handle","CFrame":[0.00831261370331049,0.0018491605296730996,0.03363873064517975,0.8368964195251465,-0.11279556155204773,-0.5356132984161377,0.4055338203907013,0.7849866151809692,0.46833574771881106,0.36762309074401858,-0.6091578006744385,0.7026948928833008]},{"Name":"Right Arm","CFrame":[-0.40446868538856509,-0.8669500350952148,-0.13056820631027223,0.648421585559845,-0.16361509263515473,-0.7434914708137512,0.7606257200241089,0.09870785474777222,0.6416428685188294,-0.03159395977854729,-0.9815736413002014,0.18845409154891969]},{"Name":"Head","CFrame":[2.7939677238464357e-8,-9.685754776000977e-8,0.016661882400512697,0.7597345113754273,-0.6471289396286011,-0.06346406042575836,0.6351903080940247,0.7594873905181885,-0.1404009312391281,0.13905763626098634,0.06635567545890808,0.9880586266517639]},{"Name":"Circle.001","CFrame":[0,0,0,1,0,0,0,1,0,0,0,1]},{"Name":"Right Leg","CFrame":[0.7692532539367676,0.29952555894851687,-0.3309704661369324,0.8674063086509705,0.028667449951171876,0.49677425622940066,0.027387632057070733,0.994075357913971,-0.10518626123666763,-0.49684643745422366,0.10484471917152405,0.8614819645881653]}]},{"Time":0.0833333358168602,"Poses":[{"Name":"HumanoidRootPart","CFrame":[0,0,0,1,0,0,0,1,0,0,0,1]},{"Name":"Torso","CFrame":[-0.01528744027018547,-0.14321044087409974,-0.5067054033279419,0.693439245223999,0.687950849533081,0.21416282653808595,-0.6899312734603882,0.7196750044822693,-0.07786385715007782,-0.20769409835338593,-0.09376378357410431,0.9736897349357605]},{"Name":"Left Leg","CFrame":[0.35722243785858157,0.1908922791481018,-0.193520188331604,0.15161237120628358,-0.6217414140701294,0.7684083580970764,0.5019136071205139,0.7181391716003418,0.4820360839366913,-0.8515259623527527,0.3125919997692108,0.42093929648399355]},{"Name":"Left Arm","CFrame":[-1.0779829025268555,-0.29120567440986636,-0.3026962876319885,-0.6878825426101685,0.7102590799331665,0.14949777722358704,-0.2569877803325653,-0.4309602677822113,0.8650032877922058,0.6788039207458496,0.5566015243530273,0.4789780378341675]},{"Name":"Handle","CFrame":[0.0017055603675544263,0.015628481283783914,0.012295826338231564,0.8238558769226074,-0.0676400363445282,-0.5627489686012268,0.25662630796432497,0.9297727942466736,0.26394227147102358,0.5053755640983582,-0.3618665635585785,0.7833569645881653]},{"Name":"Right Arm","CFrame":[-0.39624181389808657,-0.8780899047851563,-0.10806852579116821,0.602516770362854,-0.2175752967596054,-0.7678768038749695,0.7920394539833069,0.044601086527109149,0.6088384389877319,-0.09822005778551102,-0.9750240445137024,0.19920089840888978]},{"Name":"Head","CFrame":[9.685754776000977e-8,1.4901161193847657e-8,0.016661882400512697,0.8394712209701538,-0.538297712802887,-0.07432152330875397,0.5349065065383911,0.8426713943481445,-0.06148276478052139,0.09572465717792511,0.011857925914227963,0.9953372478485107]},{"Name":"Circle.001","CFrame":[0,0,0,1,0,0,0,1,0,0,0,1]},{"Name":"Right Leg","CFrame":[0.654222846031189,0.32853782176971438,-0.4690002202987671,0.644683837890625,-0.16520361602306367,0.7463850975036621,0.2894227206707001,0.9564352631568909,-0.03829072043299675,-0.7075430750846863,0.24070622026920319,0.6644119024276733]}]},{"Time":0.10000000149011612,"Poses":[{"Name":"HumanoidRootPart","CFrame":[0,0,0,1,0,0,0,1,0,0,0,1]},{"Name":"Torso","CFrame":[0.06063968688249588,-0.23368942737579347,-0.5718971490859985,0.8580331206321716,0.39928802847862246,0.3230299949645996,-0.35539549589157107,0.9156535863876343,-0.187810480594635,-0.3707740306854248,0.04634421318769455,0.9275661110877991]},{"Name":"Left Leg","CFrame":[0.2960616946220398,0.31443744897842409,0.0017809271812438965,-0.012135086581110955,-0.6357249021530151,0.7718201875686646,0.24085256457328797,0.7472926378250122,0.6193091869354248,-0.9704858660697937,0.19341032207012177,0.1440476030111313]},{"Name":"Left Arm","CFrame":[-1.0081191062927247,-0.3353833556175232,-0.26068979501724245,-0.11801247298717499,0.97966068983078,0.16228939592838288,-0.4726574420928955,-0.1991475522518158,0.858449399471283,0.8733086585998535,0.024600349366664888,0.4865458011627197]},{"Name":"Handle","CFrame":[-0.0033642055932432415,0.02620171196758747,-0.00408114492893219,0.8072106838226318,-0.039759110659360889,-0.588922917842865,0.11936536431312561,0.9881104826927185,0.09689997136592865,0.578068196773529,-0.14851568639278413,0.8023591637611389]},{"Name":"Right Arm","CFrame":[-0.38575810194015505,-0.8872212767601013,-0.08434972167015076,0.5374045372009277,-0.2804010510444641,-0.795343816280365,0.8237324357032776,-0.027574272826313974,0.5663079023361206,-0.18072450160980225,-0.9594867825508118,0.21615689992904664]},{"Name":"Head","CFrame":[-1.4901161193847657e-8,6.984919309616089e-8,0.01666209101676941,0.9621481895446777,-0.2561206817626953,-0.09312967211008072,0.2555601894855499,0.9666237831115723,-0.01809876225888729,0.09465683996677399,-0.006386471446603537,0.9954894781112671]},{"Name":"Circle.001","CFrame":[0,0,0,1,0,0,0,1,0,0,0,1]},{"Name":"Right Leg","CFrame":[0.5351071953773499,0.39236050844192507,-0.47971200942993166,0.45479315519332888,-0.37736380100250246,0.8066968321800232,0.4806882441043854,0.8665372729301453,0.1343577802181244,-0.7497346997261047,0.3266647458076477,0.5754894614219666]}]},{"Time":0.11666666716337204,"Poses":[{"Name":"HumanoidRootPart","CFrame":[0,0,0,1,0,0,0,1,0,0,0,1]},{"Name":"Torso","CFrame":[0.16142511367797852,-0.24633798003196717,-0.682847261428833,0.8435628414154053,-0.24891798198223115,0.47585898637771609,0.3807569146156311,0.9020957350730896,-0.2030947357416153,-0.37871649861335757,0.3525097072124481,0.855751633644104]},{"Name":"Left Leg","CFrame":[-0.05559887737035751,0.6208270788192749,0.1465892344713211,0.3851216733455658,-0.4915930926799774,0.7810361981391907,-0.015811841934919359,0.8426770567893982,0.5381871461868286,-0.9227303266525269,-0.21961714327335359,0.31676024198532107]},{"Name":"Left Arm","CFrame":[-0.6747385263442993,-0.41437047719955447,-0.19250339269638062,0.5407061576843262,0.7918680906295776,0.28386950492858889,-0.5664626955986023,0.0932726040482521,0.8187918663024902,0.62189781665802,-0.6035273671150208,0.4989969730377197]},{"Name":"Handle","CFrame":[-0.0065511916764080528,0.032848332077264789,-0.014376148581504822,0.7942019701004028,-0.025988761335611345,-0.6070979237556458,0.026322539895772935,0.9996185898780823,-0.00835686456412077,0.6070834994316101,-0.009343321435153485,0.7945831418037415]},{"Name":"Right Arm","CFrame":[-0.3726087510585785,-0.8942995071411133,-0.05924952030181885,0.4475005865097046,-0.3485409617424011,-0.8235667943954468,0.8498564958572388,-0.12091182172298432,0.5129565000534058,-0.2783654034137726,-0.9294619560241699,0.24210181832313538]},{"Name":"Head","CFrame":[5.066394805908203e-7,3.213062882423401e-8,0.01666194200515747,0.9155908823013306,0.37365609407424929,-0.1485748142004013,-0.37990713119506838,0.9249013662338257,-0.01510564424097538,0.13177283108234406,0.07027529180049896,0.9887858629226685]},{"Name":"Circle.001","CFrame":[0,0,0,1,0,0,0,1,0,0,0,1]},{"Name":"Right Leg","CFrame":[0.5354113578796387,0.6243051290512085,-0.3880254626274109,0.7211689949035645,-0.44955429434776308,0.5270828604698181,0.41323477029800417,0.8898202180862427,0.1935376673936844,-0.5560146570205689,0.07823555916547775,0.827482283115387]}]},{"Time":0.13333334028720857,"Poses":[{"Name":"HumanoidRootPart","CFrame":[0,0,0,1,0,0,0,1,0,0,0,1]},{"Name":"Torso","CFrame":[0.1854720115661621,-0.1518947333097458,-0.7813253402709961,0.22793185710906983,-0.8035934567451477,0.5498042106628418,0.9725091457366943,0.21553988754749299,-0.08813934028148651,-0.04767652601003647,0.5547793507575989,0.8306304216384888]},{"Name":"Left Leg","CFrame":[-0.28952956199645998,0.7875744700431824,-0.18048013746738435,0.8972502946853638,0.18257953226566316,0.40200337767601015,-0.36846795678138735,0.8112767934799194,0.453939825296402,-0.24325594305992127,-0.5554230213165283,0.7951930165290833]},{"Name":"Left Arm","CFrame":[-0.15176722407341004,-0.4956289529800415,-0.1010206937789917,0.8478071093559265,0.3258230984210968,0.4184045195579529,-0.5147831439971924,0.3161603808403015,0.7968944907188416,0.12736359238624574,-0.8910005688667297,0.4357715845108032]},{"Name":"Handle","CFrame":[-0.007638213224709034,0.03511536121368408,-0.017887577414512636,0.7893722057342529,-0.022022366523742677,-0.6135197877883911,-0.006187170743942261,0.9990202188491821,-0.04382053017616272,0.6138836145401001,0.038386598229408267,0.7884625792503357]},{"Name":"Right Arm","CFrame":[-0.3562893867492676,-0.899233341217041,-0.03256887197494507,0.3278087377548218,-0.4152618646621704,-0.8485864996910095,0.8616718649864197,-0.2368842214345932,0.44878458976745608,-0.3873799443244934,-0.8783185482025147,0.2801668643951416]},{"Name":"Head","CFrame":[0,-4.908069968223572e-7,0.016661614179611207,0.3208613693714142,0.904919445514679,-0.2795870900154114,-0.9410805106163025,0.3379063308238983,0.013668924570083619,0.10684353858232498,0.25872802734375,0.960023045539856]},{"Name":"Circle.001","CFrame":[0,0,0,1,0,0,0,1,0,0,0,1]},{"Name":"Right Leg","CFrame":[0.5777137875556946,0.826034426689148,-0.054672807455062869,0.9868793487548828,-0.04443924501538277,-0.15522366762161256,0.07328293472528458,0.9799323081970215,0.18537090718746186,0.14387094974517823,-0.1943139284849167,0.970331609249115]}]},{"Time":0.15000000596046449,"Poses":[{"Name":"HumanoidRootPart","CFrame":[0,0,0,1,0,0,0,1,0,0,0,1]},{"Name":"Torso","CFrame":[0.16056126356124879,-0.16203486919403077,-0.8690569400787354,-0.09701626747846604,-0.8198893070220947,0.5642423033714294,0.9776563048362732,-0.18472564220428468,-0.10032211989164353,0.18648310005664826,0.5419022440910339,0.8194913864135742]},{"Name":"Left Leg","CFrame":[-0.24858742952346803,0.7050082683563232,-0.22025397419929505,0.8360675573348999,0.5338941812515259,0.1262858808040619,-0.5374411344528198,0.7507843375205994,0.3840312063694,0.11021854728460312,-0.3889472484588623,0.9146430492401123]},{"Name":"Left Arm","CFrame":[0.12750396132469178,-0.5323567986488342,-0.013492226600646973,0.8950344324111939,-0.01706610806286335,0.4456704556941986,-0.3964235484600067,0.4274251461029053,0.8124997615814209,-0.20435687899589539,-0.9038897752761841,0.3757951557636261]},{"Name":"Handle","CFrame":[-0.001066223718225956,0.03605315461754799,-0.018344160169363023,0.7034600973129273,-0.3047376573085785,-0.6420895457267761,0.33549800515174868,0.9388065338134766,-0.07799573242664337,0.6265661120414734,-0.16055284440517426,0.762651801109314]},{"Name":"Right Arm","CFrame":[-0.21112865209579469,-0.8490800857543945,-0.0018286705017089844,0.11586058139801026,-0.5100345015525818,-0.8523153066635132,0.8034170269966126,-0.4564332067966461,0.38234779238700869,-0.5840354561805725,-0.7290635108947754,0.3568877875804901]},{"Name":"Head","CFrame":[5.960464477539063e-8,3.91155481338501e-8,0.0166623592376709,0.03968358412384987,0.9491668939590454,-0.31226208806037905,-0.9980067014694214,0.05299742892384529,0.03426318243145943,0.04907054454088211,0.3102799654006958,0.9493780136108398]},{"Name":"Circle.001","CFrame":[0,0,0,1,0,0,0,1,0,0,0,1]},{"Name":"Right Leg","CFrame":[0.5038381814956665,0.9595224857330322,0.03787146508693695,0.8562809824943543,0.1881394386291504,-0.48102641105651858,-0.03520498052239418,0.9503941535949707,0.3090496361255646,0.5153090953826904,-0.2476988136768341,0.8204278349876404]}]},{"Time":0.1666666716337204,"Poses":[{"Name":"HumanoidRootPart","CFrame":[0,0,0,1,0,0,0,1,0,0,0,1]},{"Name":"Torso","CFrame":[0.1520613133907318,-0.2718040347099304,-0.9577955007553101,-0.017739536240696908,-0.8114054799079895,0.5842143893241882,0.9537546038627625,-0.18908874690532685,-0.2336616963148117,0.3000626862049103,0.5530520677566528,0.7772360444068909]},{"Name":"Left Leg","CFrame":[-0.2561148405075073,0.6637426614761353,-0.11206942796707154,0.8438790440559387,0.5205183029174805,0.13011108338832856,-0.53629469871521,0.8110909461975098,0.2334945797920227,0.0160062238574028,-0.2668187618255615,0.9636138081550598]},{"Name":"Left Arm","CFrame":[0.13538619875907899,-0.5308995246887207,0.044783174991607669,0.8918077945709229,-0.19256356358528138,0.4093875288963318,-0.2802864611148834,0.47514885663986208,0.834070086479187,-0.35513147711753847,-0.8585761785507202,0.36976876854896548]},{"Name":"Handle","CFrame":[0.012077759020030499,0.0379287451505661,-0.01925732009112835,0.27442485094070437,-0.7011651396751404,-0.6580719947814941,0.8509044051170349,0.4958491325378418,-0.17348068952560426,0.4479430615901947,-0.5123488306999207,0.732697606086731]},{"Name":"Right Arm","CFrame":[0.08725687861442566,-0.7331476211547852,0.037276655435562137,-0.22856085002422334,-0.5539813041687012,-0.8005402684211731,0.5566235184669495,-0.7490026354789734,0.3593960702419281,-0.7987053394317627,-0.363455593585968,0.4795515537261963]},{"Name":"Head","CFrame":[-3.725290298461914e-8,-4.470348358154297e-8,0.01666221022605896,0.13735200464725495,0.9667473435401917,-0.21571803092956544,-0.9905210137367249,0.1344132125377655,-0.028307344764471055,0.0016292852815240622,0.2175612896680832,0.9760453701019287]},{"Name":"Circle.001","CFrame":[0,0,0,1,0,0,0,1,0,0,0,1]},{"Name":"Right Leg","CFrame":[0.4498944580554962,1.1502431631088257,-0.23219120502471925,0.8533197641372681,0.15163502097129823,-0.4988510012626648,0.10808467864990235,0.8845447897911072,0.4537602663040161,0.5100619196891785,-0.4411206841468811,0.7384100556373596]}]},{"Time":0.18333333730697633,"Poses":[{"Name":"HumanoidRootPart","CFrame":[0,0,0,1,0,0,0,1,0,0,0,1]},{"Name":"Torso","CFrame":[0.12404680252075196,-0.376209020614624,-1.0175366401672364,0.09315353631973267,-0.8187437653541565,0.5665520429611206,0.9214683175086975,-0.14463311433792115,-0.3605237603187561,0.3771187365055084,0.5556438565254211,0.7409732937812805]},{"Name":"Left Leg","CFrame":[-0.2759718894958496,0.5969834327697754,-0.00508388876914978,0.8735635280609131,0.4572634994983673,0.16672389209270478,-0.4756980538368225,0.8745981454849243,0.09375139325857163,-0.10294733941555023,-0.16120807826519013,0.9815365076065064]},{"Name":"Left Arm","CFrame":[0.13943764567375184,-0.5301080942153931,0.08115112781524658,0.8801325559616089,-0.28440946340560915,0.38010281324386599,-0.2020648568868637,0.5000870823860169,0.8420704007148743,-0.4295773506164551,-0.817939043045044,0.3826739192008972]},{"Name":"Handle","CFrame":[0.01864974945783615,0.03886653482913971,-0.019713904708623887,-0.01505368947982788,-0.7653094530105591,-0.6434863805770874,0.9601812362670898,0.16849082708358766,-0.22285151481628419,0.27897191047668459,-0.6212183237075806,0.7322994470596314]},{"Name":"Right Arm","CFrame":[0.3851507902145386,-0.6125566959381104,0.0813417136669159,-0.53739994764328,-0.45459941029548647,-0.7103103399276733,0.19632670283317567,-0.8865686058998108,0.41886985301971438,-0.8201568126678467,0.08564775437116623,0.5656918287277222]},{"Name":"Head","CFrame":[1.1920928955078126e-7,1.825392246246338e-7,0.01666247844696045,0.24331223964691163,0.9664962887763977,-0.08175714313983917,-0.9678049087524414,0.23631027340888978,-0.08666662871837616,-0.06444302201271057,0.10021207481622696,0.9928770065307617]},{"Name":"Circle.001","CFrame":[0,0,0,1,0,0,0,1,0,0,0,1]},{"Name":"Right Leg","CFrame":[0.41251134872436526,1.220004677772522,-0.533423125743866,0.8759076595306397,0.09726714342832566,-0.4725727438926697,0.22837723791599275,0.779209554195404,0.5836748480796814,0.42500558495521548,-0.619170069694519,0.6603019833564758]}]},{"Time":0.20000000298023225,"Poses":[{"Name":"HumanoidRootPart","CFrame":[0,0,0,1,0,0,0,1,0,0,0,1]},{"Name":"Torso","CFrame":[0.09019246697425842,-0.45374467968940737,-1.0524120330810547,0.19535177946090699,-0.823822557926178,0.5321222543716431,0.8866923451423645,-0.08347898721694946,-0.45476147532463076,0.4190639853477478,0.5606671571731567,0.7141693830490112]},{"Name":"Left Leg","CFrame":[-0.2904990315437317,0.5291448831558228,0.0764247477054596,0.8969297409057617,0.3861473500728607,0.21542365849018098,-0.39375361800193789,0.9191793203353882,-0.008213184773921967,-0.20118442177772523,-0.07745738327503205,0.9764862060546875]},{"Name":"Left Arm","CFrame":[0.14073681831359864,-0.5296953320503235,0.11128246784210205,0.8741382360458374,-0.32563406229019167,0.3603399693965912,-0.15736547112464906,0.5120078325271606,0.8444430828094482,-0.45947638154029848,-0.794865071773529,0.3963220715522766]},{"Name":"Handle","CFrame":[0.04414643347263336,0.04011526331305504,-0.017015798017382623,-0.2106378674507141,-0.6959932446479797,-0.68645840883255,0.9066060185432434,0.12357306480407715,-0.4034789800643921,0.3656464219093323,-0.7073352336883545,0.6049624681472778]},{"Name":"Right Arm","CFrame":[0.5203262567520142,-0.5552321076393127,0.12150637805461884,-0.6512894630432129,-0.38608893752098086,-0.6532669067382813,0.004824759904295206,-0.8629772067070007,0.5052196979522705,-0.7588140368461609,0.3258923888206482,0.5639108419418335]},{"Name":"Head","CFrame":[6.705522537231445e-8,3.2479874789714815e-7,0.01666247844696045,0.35902246832847597,0.9326815009117127,0.03475714474916458,-0.9331997036933899,0.35934358835220339,-0.0032652392983436586,-0.015535222366452217,-0.0312630794942379,0.9993904829025269]},{"Name":"Circle.001","CFrame":[0,0,0,1,0,0,0,1,0,0,0,1]},{"Name":"Right Leg","CFrame":[0.37353581190109255,1.2130488157272339,-0.7583260536193848,0.900743305683136,0.029133623465895654,-0.43337368965148928,0.3003295063972473,0.6790298223495483,0.6698660850524902,0.31378933787345889,-0.7335323095321655,0.6028820872306824]}]},{"Time":0.21666666865348817,"Poses":[{"Name":"HumanoidRootPart","CFrame":[0,0,0,1,0,0,0,1,0,0,0,1]},{"Name":"Torso","CFrame":[0.07152184844017029,-0.4914144277572632,-1.0676218271255494,0.26109886169433596,-0.8191391229629517,0.5107234716415405,0.8649270534515381,-0.03640897199511528,-0.5005753040313721,0.4286356270313263,0.5724382400512695,0.69898921251297]},{"Name":"Left Leg","CFrame":[-0.299913614988327,0.4991498291492462,0.12176001071929932,0.9074300527572632,0.33770570158958437,0.2500510513782501,-0.3336673080921173,0.9407973885536194,-0.05971972271800041,-0.2554151713848114,-0.02924223616719246,0.9663891792297363]},{"Name":"Left Arm","CFrame":[0.14078745245933534,-0.5297093391418457,0.15118181705474854,0.873673677444458,-0.3367086946964264,0.3511715531349182,-0.14413481950759889,0.5102730989456177,0.8478480577468872,-0.4646713435649872,-0.7913587689399719,0.3972809612751007]},{"Name":"Handle","CFrame":[0.10570086538791657,0.04312996193766594,-0.01050199568271637,-0.6528568267822266,-0.4680888056755066,-0.5955424308776856,0.6273358464241028,0.10651558637619019,-0.7714299559593201,0.4245322644710541,-0.8772384524345398,0.2241094708442688]},{"Name":"Right Arm","CFrame":[0.5190984010696411,-0.5541592836380005,0.15918372571468354,-0.6581672430038452,-0.414874404668808,-0.6282477378845215,-0.03110983967781067,-0.8187688589096069,0.5732797384262085,-0.7522287964820862,0.396858811378479,0.5259801745414734]},{"Name":"Head","CFrame":[1.7508864402770997e-7,1.862645149230957e-8,0.0166623592376709,0.44440603256225588,0.891194224357605,0.09097509831190109,-0.8938837647438049,0.4344668984413147,0.110500268638134,0.05895158648490906,-0.13042818009853364,0.9897036552429199]},{"Name":"Circle.001","CFrame":[0,0,0,1,0,0,0,1,0,0,0,1]},{"Name":"Right Leg","CFrame":[0.32345932722091677,1.2032740116119385,-0.8550518751144409,0.9125403761863709,-0.03943733125925064,-0.40708091855049136,0.33765485882759097,0.6342893242835999,0.6954612135887146,0.2307800054550171,-0.7720892429351807,0.592130720615387]}]},{"Time":0.23333333432674409,"Poses":[{"Name":"HumanoidRootPart","CFrame":[0,0,0,1,0,0,0,1,0,0,0,1]},{"Name":"Torso","CFrame":[0.06900978088378906,-0.5026278495788574,-1.0737898349761963,0.29859405755996706,-0.8082625865936279,0.5074971318244934,0.8575668334960938,-0.006136274430900812,-0.5143360495567322,0.41883280873298647,0.5887903571128845,0.6913068890571594]},{"Name":"Left Leg","CFrame":[-0.3131273090839386,0.51103276014328,0.14464712142944337,0.9134821891784668,0.30941855907440188,0.2642165720462799,-0.29901930689811709,0.9509062170982361,-0.07978031784296036,-0.2759307324886322,-0.006127997301518917,0.9611579775810242]},{"Name":"Left Arm","CFrame":[0.1274164617061615,-0.5037088990211487,0.21312165260314942,0.876347005367279,-0.3359360098838806,0.3451998233795166,-0.15075775980949403,0.4893607497215271,0.8589518070220947,-0.45748013257980349,-0.8047813773155212,0.37820494174957278]},{"Name":"Handle","CFrame":[0.16725535690784455,0.04614466428756714,-0.00398818776011467,-0.9399558901786804,-0.21682806313037873,-0.2635692059993744,0.2165307253599167,0.2180766463279724,-0.9516077041625977,0.2638135254383087,-0.9515399932861328,-0.15803253650665284]},{"Name":"Right Arm","CFrame":[0.5172004103660584,-0.5530400276184082,0.19919368624687196,-0.6624072194099426,-0.44045284390449526,-0.6059850454330444,-0.05982697755098343,-0.775217592716217,0.6288548111915588,-0.7467511892318726,0.4528122544288635,0.4871588349342346]},{"Name":"Head","CFrame":[1.4156103134155274e-7,2.0116567611694337e-7,0.0166623592376709,0.46684008836746218,0.8732436299324036,0.1396634578704834,-0.882733941078186,0.45062434673309328,0.1331113874912262,0.05330295115709305,-0.1854274719953537,0.9812111854553223]},{"Name":"Circle.001","CFrame":[0,0,0,1,0,0,0,1,0,0,0,1]},{"Name":"Right Leg","CFrame":[0.2621884047985077,1.21798837184906,-0.8577345609664917,0.9127143621444702,-0.10451069474220276,-0.39500629901885989,0.36538535356521609,0.6414598822593689,0.6745538115501404,0.18288271129131318,-0.7600044012069702,0.6236562728881836]}]},{"Time":0.25,"Poses":[{"Name":"HumanoidRootPart","CFrame":[0,0,0,1,0,0,0,1,0,0,0,1]},{"Name":"Torso","CFrame":[0.06814932823181153,-0.5086755752563477,-1.0766700506210328,0.3347289562225342,-0.7950798273086548,0.505771279335022,0.8522884845733643,0.026501206681132318,-0.5224003195762634,0.4019465148448944,0.6059255003929138,0.6865081191062927]},{"Name":"Left Leg","CFrame":[-0.33358317613601687,0.5379025936126709,0.16502517461776734,0.9212055206298828,0.2809595763683319,0.2691507935523987,-0.2647418975830078,0.9595730900764465,-0.09555802494287491,-0.28511786460876467,0.016772985458374025,0.9583457708358765]},{"Name":"Left Arm","CFrame":[0.09165436029434204,-0.4336080551147461,0.2940041422843933,0.8822786211967468,-0.3307161331176758,0.33497968316078188,-0.16545403003692628,0.44834378361701968,0.8784149289131165,-0.44069209694862368,-0.8304304480552673,0.34084612131118777]},{"Name":"Handle","CFrame":[0.19275200366973878,0.04739338904619217,-0.001290084794163704,-0.988969087600708,-0.12544292211532594,-0.07876947522163391,0.03866994380950928,0.2946888208389282,-0.9548105597496033,0.14298662543296815,-0.9473239779472351,-0.2865873873233795]},{"Name":"Right Arm","CFrame":[0.5138044357299805,-0.5519444942474365,0.24140150845050813,-0.6640588045120239,-0.4638887941837311,-0.5863728523254395,-0.0825708732008934,-0.7339586615562439,0.6741564869880676,-0.74310702085495,0.49609678983688357,0.4490880072116852]},{"Name":"Head","CFrame":[1.1920928955078126e-7,4.0978193283081057e-7,0.016662269830703737,0.48800426721572878,0.8525304198265076,0.18719977140426637,-0.8715013265609741,0.4640370011329651,0.1586039513349533,0.04834703356027603,-0.24054434895515443,0.9694333672523499]},{"Name":"Circle.001","CFrame":[0,0,0,1,0,0,0,1,0,0,0,1]},{"Name":"Right Leg","CFrame":[0.1937735676765442,1.243459939956665,-0.8166750073432922,0.9082108736038208,-0.17360372841358186,-0.38080814480781557,0.3922310173511505,0.6704428791999817,0.6298105120658875,0.14597274363040925,-0.7213655114173889,0.6769961714744568]}]},{"Time":0.2666666805744171,"Poses":[{"Name":"HumanoidRootPart","CFrame":[0,0,0,1,0,0,0,1,0,0,0,1]},{"Name":"Torso","CFrame":[0.06815332174301148,-0.5115964412689209,-1.0763436555862427,0.3753010332584381,-0.7776782512664795,0.5043467879295349,0.8467477560043335,0.06631013005971909,-0.5278458595275879,0.3770509362220764,0.6251556873321533,0.6833835244178772]},{"Name":"Left Leg","CFrame":[-0.35961076617240908,0.575863242149353,0.18462726473808289,0.9306540489196777,0.25174733996391299,0.26553040742874148,-0.22983630001544953,0.9668641686439514,-0.11112626641988754,-0.28470757603645327,0.04239162057638168,0.9576766490936279]},{"Name":"Left Arm","CFrame":[0.03997722268104553,-0.33216339349746706,0.3868597149848938,0.8908759355545044,-0.3197328746318817,0.32266244292259219,-0.18753591179847718,0.3880782425403595,0.902344286441803,-0.41372740268707278,-0.8643878102302551,0.2857685387134552]},{"Name":"Handle","CFrame":[0.20459052920341493,0.047083549201488498,0.00002679973840713501,-0.9869248867034912,-0.1272353231906891,-0.09894801676273346,0.04677848517894745,0.3613658547401428,-0.9312500357627869,0.1542443186044693,-0.9237022995948792,-0.3506891131401062]},{"Name":"Right Arm","CFrame":[0.5080912113189697,-0.5509160161018372,0.2856667935848236,-0.6632373332977295,-0.48597192764282229,-0.569163978099823,-0.10039854049682617,-0.6958507299423218,0.7111342549324036,-0.7416443824768066,0.5287940502166748,0.4127233028411865]},{"Name":"Head","CFrame":[-8.940696716308594e-8,-1.4901161193847657e-7,0.016662508249282838,0.511451780796051,0.8270679116249085,0.23318593204021455,-0.8581714034080505,0.47763049602508547,0.18817779421806336,0.04425923153758049,-0.29635748267173769,0.95405113697052]},{"Name":"Circle.001","CFrame":[0,0,0,1,0,0,0,1,0,0,0,1]},{"Name":"Right Leg","CFrame":[0.12034744024276734,1.2732326984405518,-0.7235119342803955,0.8995346426963806,-0.24962472915649415,-0.3585037589073181,0.4203118085861206,0.7182190418243408,0.5545263290405273,0.11906077712774277,-0.6494989395141602,0.7509831190109253]}]},{"Time":0.28333333134651186,"Poses":[{"Name":"HumanoidRootPart","CFrame":[0,0,0,1,0,0,0,1,0,0,0,1]},{"Name":"Torso","CFrame":[0.06778639554977417,-0.5136294960975647,-1.0729020833969117,0.4275399446487427,-0.7521477937698364,0.5014811754226685,0.8369690775871277,0.11972378194332123,-0.5339934825897217,0.3416028916835785,0.6480277180671692,0.6807110905647278]},{"Name":"Left Leg","CFrame":[-0.38877278566360476,0.6209461092948914,0.20451685786247254,0.9414518475532532,0.22212395071983338,0.25363224744796755,-0.1944691389799118,0.9723005294799805,-0.12966766953468324,-0.2754090130329132,0.07275207340717316,0.9585703611373901]},{"Name":"Left Arm","CFrame":[-0.02113470435142517,-0.2121407389640808,0.4847472310066223,0.9013470411300659,-0.3015660345554352,0.3108561038970947,-0.2160433679819107,0.3090013265609741,0.9261983036994934,-0.37536486983299258,-0.9019845724105835,0.21336629986763]},{"Name":"Handle","CFrame":[0.23693376779556275,0.046237051486968997,0.003624584525823593,-0.9801534414291382,-0.12479658424854279,-0.15402978658676148,0.06458307802677155,0.53357994556427,-0.8432801961898804,0.18742570281028748,-0.8364917039871216,-0.5149304866790772]},{"Name":"Right Arm","CFrame":[0.49924811720848086,-0.5499778985977173,0.3318415582180023,-0.6600930094718933,-0.5072643160820007,-0.5540400743484497,-0.11417845636606217,-0.6612326502799988,0.7414409518241882,-0.742455780506134,0.5526793003082275,0.37855640053749087]},{"Name":"Head","CFrame":[-1.6391277313232423e-7,-1.9371509552001954e-7,0.016662001609802247,0.5425609350204468,0.7932467460632324,0.27638229727745058,-0.8390196561813355,0.4957202076911926,0.22429382801055909,0.040911976248025897,-0.353583425283432,0.9345079660415649]},{"Name":"Circle.001","CFrame":[0,0,0,1,0,0,0,1,0,0,0,1]},{"Name":"Right Leg","CFrame":[0.0520634651184082,1.2923126220703126,-0.5663599371910095,0.8876128792762756,-0.3318118155002594,-0.31944406032562258,0.44895657896995547,0.7781853675842285,0.4391647279262543,0.10286664962768555,-0.5332247018814087,0.8396962881088257]}]}]