[{"Time":0,"Poses":[{"Name":"HumanoidRootPart","CFrame":[0,0,0,1,0,0,0,1,0,0,0,1]},{"Name":"Torso","CFrame":[0.06490451097488404,-0.5175184011459351,-1.066333532333374,0.5012122988700867,-0.7102326154708862,0.4943236708641052,0.8153055310249329,0.19619466364383698,-0.5447794795036316,0.289936363697052,0.6760749220848084,0.677391767501831]},{"Name":"Left Leg","CFrame":[-0.41747528314590456,0.6697109341621399,0.22505956888198853,0.9527568817138672,0.19370879232883454,0.23394683003425599,-0.16075584292411805,0.9751089215278626,-0.15270952880382539,-0.25770479440689089,0.10788687318563461,0.9601815938949585]},{"Name":"Right Leg","CFrame":[0.013938724994659424,1.2729716300964356,-0.33888307213783266,0.8757914304733276,-0.4117368757724762,-0.25191694498062136,0.4726491868495941,0.8374106884002686,0.27449238300323489,0.09793933480978012,-0.3594665229320526,0.9280042052268982]},{"Name":"Right Arm","CFrame":[0.4864676594734192,-0.5491423606872559,0.37977129220962527,-0.6547955274581909,-0.5281468629837036,-0.5406513214111328,-0.12460968643426895,-0.6301031708717346,0.7664477825164795,-0.7454631328582764,0.5692371129989624,0.3467765152454376]},{"Name":"Head","CFrame":[1.1920928955078126e-7,-1.1920928955078126e-7,0.016662180423736573,0.5899654030799866,0.7440060973167419,0.3136812746524811,-0.8065624237060547,0.5250506401062012,0.27162277698516848,0.037390537559986117,-0.41325151920318606,0.9098489284515381]},{"Name":"Left Arm","CFrame":[-0.08521506190299988,-0.08628812432289124,0.5807470679283142,0.9125067591667175,-0.27504146099090578,0.3027929961681366,-0.24964262545108796,0.21195167303085328,0.944857120513916,-0.3240523934364319,-0.9377787113189697,0.12474560737609863]},{"Name":"Handle","CFrame":[0.28111550211906435,0.04508072882890701,0.008539259433746338,-0.968500018119812,-0.10439635068178177,-0.22607335448265077,0.07770682126283646,0.7358326315879822,-0.6726900935173035,0.2365785539150238,-0.6690678000450134,-0.7045416235923767]},{"Name":"Circle.001","CFrame":[0,0,0,1,0,0,0,1,0,0,0,1]}]},{"Time":0.01666666753590107,"Poses":[{"Name":"HumanoidRootPart","CFrame":[0,0,0,1,0,0,0,1,0,0,0,1]},{"Name":"Torso","CFrame":[0.05489462614059448,-0.5270907878875732,-1.0562108755111695,0.610045850276947,-0.6326852440834045,0.47702568769454958,0.7641234397888184,0.31044432520866396,-0.5654553771018982,0.20966534316539765,0.7094601988792419,0.6728348731994629]},{"Name":"Left Leg","CFrame":[-0.4386777877807617,0.7216460704803467,0.24637722969055177,0.9627519249916077,0.1696774810552597,0.21051883697509767,-0.1328171193599701,0.974951982498169,-0.17840476334095,-0.23551708459854127,0.1437990963459015,0.9611730575561523]},{"Name":"Right Leg","CFrame":[0.05011165142059326,1.1747359037399293,-0.06260374188423157,0.8716017007827759,-0.4687798023223877,-0.1433739811182022,0.48049312829971316,0.8749188184738159,0.060361940413713458,0.09714425355195999,-0.12150183320045471,0.9878261089324951]},{"Name":"Right Arm","CFrame":[0.46894845366477969,-0.548410952091217,0.42929232120513918,-0.6475302577018738,-0.548858642578125,-0.5286384224891663,-0.1322556585073471,-0.6022443771362305,0.7872803211212158,-0.7504751086235046,0.5797032117843628,0.31738168001174929]},{"Name":"Head","CFrame":[2.2351741790771485e-7,7.450580596923828e-8,0.016662299633026124,0.6679224371910095,0.6633704304695129,0.33737102150917055,-0.7436156272888184,0.5764304399490356,0.3387681543827057,0.03025795891880989,-0.4771452248096466,0.8783034682273865]},{"Name":"Left Arm","CFrame":[-0.1458219289779663,0.03268367052078247,0.6679457426071167,0.9225847721099854,-0.23965458571910859,0.3023294508457184,-0.28657621145248415,0.09893245995044708,0.9529356956481934,-0.25828564167022707,-0.965804398059845,0.022594479843974115]},{"Name":"Handle","CFrame":[0.3252972662448883,0.04392439126968384,0.013453938066959381,-0.9548381567001343,-0.06569384783506394,-0.289773553609848,0.07710722833871842,0.8870547413825989,-0.4551794230937958,0.2869475185871124,-0.45696625113487246,-0.8419283032417297]},{"Name":"Circle.001","CFrame":[0,0,0,1,0,0,0,1,0,0,0,1]}]},{"Time":0.03333333507180214,"Poses":[{"Name":"HumanoidRootPart","CFrame":[0,0,0,1,0,0,0,1,0,0,0,1]},{"Name":"Torso","CFrame":[0.025886088609695436,-0.5473716259002686,-1.0400028228759766,0.7685409188270569,-0.4692498743534088,0.4349132180213928,0.6356188058853149,0.48239466547966006,-0.6027305126190186,0.07303140312433243,0.7396621108055115,0.6690040826797485]},{"Name":"Left Leg","CFrame":[-0.4332652688026428,0.7834864854812622,0.2722208499908447,0.9667286276817322,0.15339148044586183,0.20471139252185822,-0.11255387216806412,0.9737028479576111,-0.19807741045951844,-0.22971144318580628,0.16844598948955537,0.9585711359977722]},{"Name":"Right Leg","CFrame":[0.21182316541671754,0.9587357044219971,0.17996427416801454,0.8839216828346252,-0.4674413800239563,0.013457151129841805,0.461797297000885,0.8679929971694946,-0.18256895244121552,0.07365985214710236,0.1675911396741867,0.983100950717926]},{"Name":"Right Arm","CFrame":[0.44589269161224368,-0.5477808713912964,0.4802374839782715,-0.6385002136230469,-0.5695304274559021,-0.5176412463188171,-0.13757288455963136,-0.5772979855537415,0.8048607707023621,-0.7572261095046997,0.5851171612739563,0.2902529835700989]},{"Name":"Head","CFrame":[-1.4901161193847657e-8,1.4901161193847657e-8,0.01666232943534851,0.796545147895813,0.5093300938606262,0.3257283866405487,-0.604526162147522,0.6638606190681458,0.4402693510055542,0.008004085160791874,-0.5476056933403015,0.8366982936859131]},{"Name":"Left Arm","CFrame":[-0.19655349850654603,0.13212203979492188,0.7394140958786011,0.929076075553894,-0.19601687788963319,0.31367987394332888,-0.32475346326828005,-0.026311347261071206,0.945432722568512,-0.17706744372844697,-0.9802475571632385,-0.08810225874185562]},{"Name":"Handle","CFrame":[0.35764068365097048,0.043077901005744937,0.017051734030246736,-0.9441213607788086,-0.027303285896778108,-0.32846611738204958,0.06795455515384674,0.9590276479721069,-0.2750419080257416,0.32251763343811037,-0.2819935977458954,-0.9035831689834595]},{"Name":"Circle.001","CFrame":[0,0,0,1,0,0,0,1,0,0,0,1]}]},{"Time":0.05000000074505806,"Poses":[{"Name":"HumanoidRootPart","CFrame":[0,0,0,1,0,0,0,1,0,0,0,1]},{"Name":"Torso","CFrame":[-0.05468288064002991,-0.575766921043396,-1.0039101839065552,0.9409321546554565,-0.0834197998046875,0.3281584084033966,0.29004448652267458,0.6986362338066101,-0.6540501713752747,-0.17470261454582215,0.7105973362922669,0.6815647482872009]},{"Name":"Left Leg","CFrame":[-0.348838746547699,0.8682352304458618,0.3223714828491211,0.9437157511711121,0.12791702151298524,0.3050212562084198,-0.07140962034463883,0.9792366623878479,-0.1897270828485489,-0.322957307100296,0.1572669893503189,0.9332555532455444]},{"Name":"Right Leg","CFrame":[0.5068202614784241,0.6190384030342102,0.2227533459663391,0.9124269485473633,-0.3497464954853058,0.2124960571527481,0.4080764353275299,0.816689670085907,-0.40803399682044985,-0.030834827572107316,0.4590158462524414,0.8878929018974304]},{"Name":"Right Arm","CFrame":[0.41650390625,-0.5472450852394104,0.5324321985244751,-0.6279330253601074,-0.5902076363563538,-0.5073016881942749,-0.14094166457653047,-0.5548188090324402,0.8199461698532105,-0.7653989195823669,0.5863710641860962,0.26520416140556338]},{"Name":"Head","CFrame":[1.7136335372924806e-7,-1.1920928955078126e-7,0.016662240028381349,0.9639910459518433,0.16327092051506043,0.20991432666778565,-0.2576003968715668,0.769362211227417,0.5845714211463928,-0.0660565122961998,-0.6175956726074219,0.7837169766426086]},{"Name":"Left Arm","CFrame":[-0.23105357587337495,0.19942891597747804,0.7881657481193543,0.9286871552467346,-0.14616823196411134,0.3408447206020355,-0.3620472550392151,-0.15810787677764893,0.9186533093452454,-0.08038771897554398,-0.9765433073043823,-0.19975236058235169]},{"Name":"Handle","CFrame":[0.36947891116142275,0.04276806116104126,0.01836860179901123,-0.940139889717102,-0.011443287134170533,-0.34059739112854006,0.06282711029052735,0.9764853715896606,-0.20622630417346955,0.33494824171066286,-0.2152802050113678,-0.9173139333724976]},{"Name":"Circle.001","CFrame":[0,0,0,1,0,0,0,1,0,0,0,1]}]},{"Time":0.06666667014360428,"Poses":[{"Name":"HumanoidRootPart","CFrame":[0,0,0,1,0,0,0,1,0,0,0,1]},{"Name":"Torso","CFrame":[-0.2292301058769226,-0.5290728807449341,-0.8911328315734863,0.711423397064209,0.6948828101158142,0.10495078563690186,-0.5002394318580627,0.6056159734725952,-0.618861734867096,-0.49359625577926638,0.3877723217010498,0.7784571647644043]},{"Name":"Left Leg","CFrame":[-0.1320071816444397,0.941459059715271,0.41524219512939455,0.6950054168701172,-0.06871616840362549,0.7157133221626282,0.14882737398147584,0.9876134991645813,-0.049699921160936359,-0.7034329175949097,0.14105956256389619,0.6966235637664795]},{"Name":"Right Leg","CFrame":[0.7929238677024841,0.27760380506515505,-0.09003746509552002,0.9029810428619385,-0.013302902691066265,0.42947444319725039,0.26066914200782778,0.8115414977073669,-0.522926390171051,-0.3415798544883728,0.5841432809829712,0.7362743020057678]},{"Name":"Right Arm","CFrame":[0.37998950481414797,-0.5467944741249085,0.5857019424438477,-0.6160880923271179,-0.6108716726303101,-0.49726375937461855,-0.14268940687179566,-0.5343049764633179,0.8331615328788757,-0.7746453285217285,0.5842551589012146,0.24201393127441407]},{"Name":"Head","CFrame":[2.2351741790771486e-8,2.9802322387695315e-8,0.016662508249282838,0.8189011216163635,-0.5521171689033508,-0.15674042701721192,0.5138311386108398,0.5836073756217957,0.6287925839424133,-0.2556925117969513,-0.595457136631012,0.7616116404533386]},{"Name":"Left Arm","CFrame":[-0.24300557374954225,0.22204506397247315,0.8071167469024658,0.9174047708511353,-0.0935523733496666,0.3868030309677124,-0.39679306745529177,-0.28927451372146609,0.8711347579956055,0.030395496636629106,-0.9526638388633728,-0.30250245332717898]},{"Name":"Handle","CFrame":[0.3161581754684448,0.03382943198084831,0.021189332008361818,-0.8469575643539429,-0.4410519003868103,-0.2968774735927582,-0.37227779626846316,0.8906383514404297,-0.2610986530780792,0.37956854701042178,-0.11061858385801316,-0.9185267686843872]},{"Name":"Circle.001","CFrame":[0,0,0,1,0,0,0,1,0,0,0,1]}]},{"Time":0.0833333358168602,"Poses":[{"Name":"HumanoidRootPart","CFrame":[0,0,0,1,0,0,0,1,0,0,0,1]},{"Name":"Torso","CFrame":[-0.30946099758148196,-0.22600317001342774,-0.6958920955657959,-0.3851652145385742,0.922829806804657,-0.005735915619879961,-0.8857556581497192,-0.37142160534858706,-0.27835768461227419,-0.25900718569755556,-0.10213303565979004,0.9604604244232178]},{"Name":"Left Leg","CFrame":[-0.42228657007217409,0.43648892641067507,0.5916256308555603,0.2561321556568146,-0.6481599807739258,0.7171366810798645,0.6134201288223267,0.6823522448539734,0.39763233065605166,-0.7470689415931702,0.33805954456329348,0.5723666548728943]},{"Name":"Right Leg","CFrame":[0.9638142585754395,0.23917019367218018,-0.28247320652008059,0.8633398413658142,0.3182707726955414,0.3915969133377075,-0.21011453866958619,0.9322746992111206,-0.29447558522224429,-0.45879876613616946,0.1719522327184677,0.8717432022094727]},{"Name":"Right Arm","CFrame":[0.33555686473846438,-0.5464174151420593,0.6398669481277466,-0.6032659411430359,-0.6314542889595032,-0.4871712923049927,-0.14311271905899049,-0.5152190327644348,0.8450255990028381,-0.7845947742462158,0.5794954895973206,0.2204449325799942]},{"Name":"Head","CFrame":[3.427267074584961e-7,5.21540641784668e-8,0.01666221022605896,-0.1797904372215271,-0.906785249710083,-0.3813343048095703,0.9244166016578674,-0.28828832507133486,0.24968740344047547,-0.33634719252586367,-0.3076206147670746,0.8900789022445679]},{"Name":"Left Arm","CFrame":[-0.018483906984329225,-0.03718364238739014,0.6329067945480347,0.891119122505188,-0.015446038916707039,0.45350635051727297,-0.4177112579345703,-0.41835376620292666,0.806534469127655,0.1772681623697281,-0.9081529378890991,-0.37925484776496889]},{"Name":"Handle","CFrame":[0.1874302327632904,0.012249620631337166,0.02799922600388527,0.0007746033370494843,-0.9903149008750916,-0.1388370245695114,-0.9584808945655823,0.0388549380004406,-0.28249725699424746,0.2851557731628418,0.13329148292541505,-0.9491678476333618]},{"Name":"Circle.001","CFrame":[0,0,0,1,0,0,0,1,0,0,0,1]}]},{"Time":0.10000000149011612,"Poses":[{"Name":"HumanoidRootPart","CFrame":[0,0,0,1,0,0,0,1,0,0,0,1]},{"Name":"Torso","CFrame":[-0.1973176747560501,0.025293927639722825,-0.6232237815856934,-0.883608877658844,0.45347994565963747,0.11658158898353577,-0.4565333425998688,-0.8897061944007874,0.000574590521864593,0.10398394614458084,-0.05271567776799202,0.9931809902191162]},{"Name":"Left Leg","CFrame":[-0.22561553120613099,-0.241033673286438,0.3431965112686157,0.2704395651817322,-0.7885863184928894,0.5522627234458923,0.8597993850708008,0.4559146761894226,0.22997090220451356,-0.43313682079315188,0.4126420021057129,0.8013234734535217]},{"Name":"Right Leg","CFrame":[0.7032732963562012,0.5585447549819946,-0.28292423486709597,0.9428937435150147,-0.12679490447044373,0.3080167770385742,0.08909989893436432,0.9870275855064392,0.13355840742588044,-0.32095569372177126,-0.09848709404468537,0.9419596195220947]},{"Name":"Right Arm","CFrame":[0.28241583704948428,-0.5461001396179199,0.6947498321533203,-0.5898144841194153,-0.6518486142158508,-0.47666776180267336,-0.1424921303987503,-0.4970013201236725,0.8559706211090088,-0.7948678135871887,0.5727853775024414,0.2002553641796112]},{"Name":"Head","CFrame":[7.450580596923828e-9,-4.842877388000488e-8,0.01666259765625,-0.6799101233482361,-0.7185486555099487,-0.14632222056388856,0.716157078742981,-0.6935541033744812,0.07811406254768372,-0.15761107206344605,-0.05167907476425171,0.9861480593681336]},{"Name":"Left Arm","CFrame":[0.2109432816505432,-0.2969033122062683,0.41906481981277468,0.8104324340820313,0.21512967348098756,0.5449024438858032,-0.3540436029434204,-0.5612033009529114,0.7481337189674377,0.46674683690071108,-0.7992309331893921,-0.378651887178421]},{"Name":"Handle","CFrame":[0.058702412992715839,-0.009330173954367638,0.03480914235115051,0.8789798617362976,-0.4739527404308319,-0.052566587924957278,-0.47616687417030337,-0.8664186000823975,-0.1502811312675476,0.02568148635327816,0.15712454915046693,-0.9872451424598694]},{"Name":"Circle.001","CFrame":[0,0,0,1,0,0,0,1,0,0,0,1]}]},{"Time":0.11666666716337204,"Poses":[{"Name":"HumanoidRootPart","CFrame":[0,0,0,1,0,0,0,1,0,0,0,1]},{"Name":"Torso","CFrame":[-0.15510034561157227,0.1524050235748291,-0.6152567863464356,-0.9509513974189758,0.26793941855430605,0.15459595620632173,-0.24675382673740388,-0.9584283232688904,0.14327536523342133,0.18655826151371003,0.09810080379247666,0.977533757686615]},{"Name":"Left Leg","CFrame":[0.03692713379859924,-0.18070995807647706,0.07126891613006592,0.5062440633773804,-0.6827716827392578,0.5268206000328064,0.7850623726844788,0.617695152759552,0.046147774904966357,-0.3569229245185852,0.39022505283355715,0.8487228751182556]},{"Name":"Right Leg","CFrame":[0.4167536497116089,0.49707815051078799,-0.18397703766822816,0.8264683485031128,-0.5078141093254089,0.2430538684129715,0.473378449678421,0.8605139851570129,0.1882246434688568,-0.3047342598438263,-0.04050523787736893,0.951575756072998]},{"Name":"Right Arm","CFrame":[0.2197769731283188,-0.5458306074142456,0.7501696348190308,-0.5761356353759766,-0.6719191670417786,-0.4653950333595276,-0.14110347628593446,-0.47907981276512148,0.866355836391449,-0.805082380771637,0.5648071765899658,0.18120473623275758]},{"Name":"Head","CFrame":[-2.60770320892334e-8,-8.568167686462403e-8,0.016662299633026124,-0.6441314816474915,-0.7638375759124756,0.040581487119197848,0.7624316811561585,-0.6368648409843445,0.11446049809455872,-0.06158432364463806,0.10466837137937546,0.9925986528396606]},{"Name":"Left Arm","CFrame":[0.20196053385734559,-0.2952048182487488,0.3736267387866974,0.4418477416038513,0.6574357151985169,0.610368013381958,-0.20255249738693238,-0.5897039771080017,0.7818066477775574,0.8739240169525147,-0.4690709710121155,-0.12739412486553193]},{"Name":"Handle","CFrame":[0.005381591618061066,-0.018268823623657228,0.0376298651099205,0.9966174364089966,-0.04836270213127136,-0.06644443422555924,-0.053752124309539798,-0.995192289352417,-0.08187263458967209,-0.06216540187597275,0.08516722172498703,-0.9944256544113159]},{"Name":"Circle.001","CFrame":[0,0,0,1,0,0,0,1,0,0,0,1]}]},{"Time":0.13333334028720857,"Poses":[{"Name":"HumanoidRootPart","CFrame":[0,0,0,1,0,0,0,1,0,0,0,1]},{"Name":"Torso","CFrame":[-0.17172160744667054,0.23511750996112824,-0.635751485824585,-0.9605111479759216,0.24954447150230409,0.12306855618953705,-0.21365749835968018,-0.9448295831680298,0.24828916788101197,0.17823803424835206,0.21219001710414887,0.9608364105224609]},{"Name":"Left Leg","CFrame":[-0.03889578580856323,-0.22348636388778687,0.07873207330703736,0.6127396821975708,-0.6156256198883057,0.495535284280777,0.732261598110199,0.6781011819839478,-0.06302135437726975,-0.29722553491592409,0.4014771580696106,0.8662985563278198]},{"Name":"Right Leg","CFrame":[0.32575660943984988,0.4686679244041443,-0.13074126839637757,0.7451282143592835,-0.6338067650794983,0.20754046738147736,0.6155083179473877,0.7733544707298279,0.15189623832702638,-0.2567750811576843,0.014560580253601075,0.9663615226745606]},{"Name":"Right Arm","CFrame":[0.14685072004795075,-0.5455938577651978,0.8059476613998413,-0.5626862645149231,-0.6915053725242615,-0.4529951512813568,-0.1392238289117813,-0.4608779549598694,0.8764750361442566,-0.8148624897003174,0.556248128414154,0.1630556881427765]},{"Name":"Head","CFrame":[7.450580596923828e-8,-1.4901161193847657e-8,0.01666206121444702,-0.4285420775413513,-0.88995361328125,0.15599504113197328,0.901859700679779,-0.4108622968196869,0.13357149064540864,-0.054779939353466037,0.19792667031288148,0.9786849617958069]},{"Name":"Left Arm","CFrame":[0.1430816650390625,-0.2848328649997711,0.3723057806491852,-0.19314707815647126,0.8836904764175415,0.4263628423213959,-0.15707245469093324,-0.4567895531654358,0.8755978941917419,0.9685156345367432,0.1021493673324585,0.22703096270561219]},{"Name":"Handle","CFrame":[0.01583007350564003,-0.01992780901491642,0.035229381173849109,0.9982163310050964,0.012878756038844586,-0.05829460546374321,0.007791479118168354,-0.9962071180343628,-0.08666878193616867,-0.05918966606259346,0.08605999499559403,-0.9945306181907654]},{"Name":"Circle.001","CFrame":[0,0,0,1,0,0,0,1,0,0,0,1]}]},{"Time":0.15000000596046449,"Poses":[{"Name":"HumanoidRootPart","CFrame":[0,0,0,1,0,0,0,1,0,0,0,1]},{"Name":"Torso","CFrame":[-0.18621639907360078,0.29126638174057009,-0.671079158782959,-0.9669328331947327,0.23618084192276,0.09622672945261002,-0.19311672449111939,-0.9245116114616394,0.3286095857620239,0.16657401621341706,0.2991603910923004,0.9395511150360107]},{"Name":"Left Leg","CFrame":[-0.14727294445037843,-0.2572624087333679,0.09223443269729614,0.6869847774505615,-0.5762795209884644,0.4426668584346771,0.6892940402030945,0.7096389532089233,-0.1458977311849594,-0.23005583882331849,0.40535712242126467,0.8847372531890869]},{"Name":"Right Leg","CFrame":[0.2609950304031372,0.4335285425186157,-0.09157878160476685,0.6648542881011963,-0.7236165404319763,0.1853322833776474,0.7172574996948242,0.6877283453941345,0.11212226003408432,-0.20859168469905854,0.05838603526353836,0.9762584567070007]},{"Name":"Right Arm","CFrame":[0.06285011768341065,-0.5453755855560303,0.861904501914978,-0.5499807000160217,-0.7104231119155884,-0.43911319971084597,-0.13713212311267854,-0.4418213963508606,0.8865600824356079,-0.8238422870635986,0.5478072762489319,0.14557144045829774]},{"Name":"Head","CFrame":[1.7881393432617188e-7,-3.725290298461914e-8,0.016662299633026124,-0.22564858198165894,-0.9433969855308533,0.243073970079422,0.9724354147911072,-0.20306596159934998,0.1146019846200943,-0.05875508859753609,0.2622334659099579,0.9632141590118408]},{"Name":"Left Arm","CFrame":[0.03451088070869446,-0.27549391984939577,0.37119758129119875,-0.4736679792404175,0.8413423299789429,0.2603492736816406,-0.19272485375404359,-0.3874708116054535,0.9015119671821594,0.8593578338623047,0.37684154510498049,0.3456800580024719]},{"Name":"Handle","CFrame":[0.04437585547566414,-0.024460194632411004,0.028671013191342355,0.9831979274749756,0.17921550571918488,-0.03469327837228775,0.17515818774700166,-0.9797390103340149,-0.0971151664853096,-0.05139489471912384,0.08940661698579788,-0.9946684241294861]},{"Name":"Circle.001","CFrame":[0,0,0,1,0,0,0,1,0,0,0,1]}]},{"Time":0.1666666716337204,"Poses":[{"Name":"HumanoidRootPart","CFrame":[0,0,0,1,0,0,0,1,0,0,0,1]},{"Name":"Torso","CFrame":[-0.2013222873210907,0.32877886295318606,-0.7145666480064392,-0.9714998006820679,0.22629530727863313,0.07056000083684921,-0.1816205084323883,-0.9019035696983337,0.3918980062007904,0.15232299268245698,0.36791354417800906,0.9172989130020142]},{"Name":"Left Leg","CFrame":[-0.2701773941516876,-0.27175772190093996,0.10222327709197998,0.7396149635314941,-0.5555257201194763,0.37994834780693056,0.6531602144241333,0.728624701499939,-0.20612628757953645,-0.16233132779598237,0.400621235370636,0.9017489552497864]},{"Name":"Right Leg","CFrame":[0.21441584825515748,0.3995199203491211,-0.06326836347579956,0.5887640714645386,-0.7894418835639954,0.1736033707857132,0.7915027737617493,0.6066353917121887,0.07427815347909928,-0.16395220160484315,0.0936751589179039,0.9820104837417603]},{"Name":"Right Arm","CFrame":[-0.03301239013671875,-0.5451633334159851,0.9178621768951416,-0.5385816693305969,-0.728463351726532,-0.42340412735939028,-0.13510380685329438,-0.42134684324264529,0.8967795968055725,-0.8316711187362671,0.5401926636695862,0.1285114586353302]},{"Name":"Head","CFrame":[1.6391277313232423e-7,5.960464477539063e-8,0.016661763191223146,-0.07335276901721955,-0.9520121812820435,0.29714009165763857,0.9949744343757629,-0.049496348947286609,0.08703991025686264,-0.06815559417009354,0.30203133821487429,0.950858473777771]},{"Name":"Left Arm","CFrame":[-0.10730957984924317,-0.2705810070037842,0.34723544120788576,-0.4513120949268341,0.8440977931022644,0.289510577917099,-0.18174010515213014,-0.404573529958725,0.896264910697937,0.873663604259491,0.35187965631484988,0.33599522709846499]},{"Name":"Handle","CFrame":[0.08337012678384781,-0.030651595443487169,0.019712170585989953,0.9177371859550476,0.3971881866455078,-0.0002996344119310379,0.39497625827789309,-0.9127057790756226,-0.10470328480005264,-0.04186037927865982,0.09597175568342209,-0.994503915309906]},{"Name":"Circle.001","CFrame":[0,0,0,1,0,0,0,1,0,0,0,1]}]},{"Time":0.18333333730697633,"Poses":[{"Name":"HumanoidRootPart","CFrame":[0,0,0,1,0,0,0,1,0,0,0,1]},{"Name":"Torso","CFrame":[-0.21859018504619599,0.3524085581302643,-0.7609796524047852,-0.9747745990753174,0.21881169080734254,0.04400095343589783,-0.17743325233459474,-0.8793129324913025,0.4419573247432709,0.1353960484266281,0.42300155758857729,0.89595627784729]},{"Name":"Left Leg","CFrame":[-0.3927431106567383,-0.26516473293304446,0.10575723648071289,0.776126503944397,-0.5459645986557007,0.31551626324653628,0.6225894093513489,0.7428610920906067,-0.24604842066764832,-0.10005110502243042,0.38740184903144839,0.9164659380912781]},{"Name":"Right Leg","CFrame":[0.18057990074157716,0.36753061413764956,-0.04241955280303955,0.518495500087738,-0.838139533996582,0.16936542093753816,0.8461239337921143,0.5314924120903015,0.039875101298093799,-0.1234373077750206,0.12262912839651108,0.9847463965415955]},{"Name":"Right Arm","CFrame":[-0.14152288436889649,-0.5449396967887878,0.9736405611038208,-0.529092013835907,-0.7453843355178833,-0.40554118156433108,-0.1334010362625122,-0.398908406496048,0.9072356224060059,-0.8380129933357239,0.5341107845306397,0.11162407696247101]},{"Name":"Head","CFrame":[1.6391277313232423e-7,1.434236764907837e-7,0.016662240028381349,0.03950897604227066,-0.9451615810394287,0.32420459389686587,0.9959877133369446,0.06332404911518097,0.06323458254337311,-0.08029681444168091,0.32040539383888247,0.9438712000846863]},{"Name":"Left Arm","CFrame":[-0.26102662086486819,-0.2677094042301178,0.3088558316230774,-0.37818512320518496,0.8590697646141052,0.34492769837379458,-0.15342140197753907,-0.4256116449832916,0.8918053507804871,0.9129282832145691,0.2843482494354248,0.2927596867084503]},{"Name":"Handle","CFrame":[0.12236439436674118,-0.036842942237854007,0.010753296315670014,0.803704023361206,0.5940041542053223,0.034913886338472369,0.5940532684326172,-0.7976441383361816,-0.10423487424850464,-0.03406709060072899,0.1045147031545639,-0.9939398765563965]},{"Name":"Circle.001","CFrame":[0,0,0,1,0,0,0,1,0,0,0,1]}]},{"Time":0.20000000298023225,"Poses":[{"Name":"HumanoidRootPart","CFrame":[0,0,0,1,0,0,0,1,0,0,0,1]},{"Name":"Torso","CFrame":[-0.23901739716529847,0.3651278018951416,-0.8054882287979126,-0.9769290685653687,0.2130259871482849,0.015154993161559105,-0.1797318309545517,-0.8584213852882385,0.4804260730743408,0.11535262316465378,0.46661829948425295,0.8769043684005737]},{"Name":"Left Leg","CFrame":[-0.5044823288917542,-0.24079883098602296,0.1041671633720398,0.7998907566070557,-0.542828381061554,0.2559535503387451,0.5982022285461426,0.7554488182067871,-0.26730334758758547,-0.04826004430651665,0.3669256269931793,0.9289976954460144]},{"Name":"Right Leg","CFrame":[0.1561746597290039,0.33554208278656008,-0.026511967182159425,0.4556660056114197,-0.8737876415252686,0.16989299654960633,0.8859854936599731,0.4636387825012207,0.008289588615298272,-0.0860123559832573,0.14674551784992219,0.9854276776313782]},{"Name":"Right Arm","CFrame":[-0.2750699818134308,-0.5664505958557129,1.027061104774475,-0.5215487480163574,-0.760856568813324,-0.38611406087875368,-0.13238880038261414,-0.3748912811279297,0.9175673723220825,-0.8428879976272583,0.5296733379364014,0.09479507803916931]},{"Name":"Head","CFrame":[1.1920928955078126e-7,1.4901161193847657e-8,0.016662240028381349,0.11635014414787293,-0.9358212947845459,0.3327178955078125,0.9888560771942139,0.14047332108020783,0.04930417984724045,-0.09287792444229126,0.32327356934547427,0.94173663854599]},{"Name":"Left Arm","CFrame":[-0.4018406867980957,-0.26631268858909609,0.26286640763282778,-0.28181391954421999,0.8729934096336365,0.3980744183063507,-0.1307275891304016,-0.4459579288959503,0.8854557871818543,0.9505216479301453,0.19749444723129273,0.23980139195919038]},{"Name":"Handle","CFrame":[0.15091019868850709,-0.04137534648180008,0.004194954410195351,0.6928300857543945,0.7185893654823303,0.06013321503996849,0.7204887270927429,-0.6863952875137329,-0.09878207743167877,-0.029708590358495714,0.11176449060440064,-0.9932907819747925]},{"Name":"Circle.001","CFrame":[0,0,0,1,0,0,0,1,0,0,0,1]}]},{"Time":0.21666666865348817,"Poses":[{"Name":"HumanoidRootPart","CFrame":[0,0,0,1,0,0,0,1,0,0,0,1]},{"Name":"Torso","CFrame":[-0.2633005976676941,0.36878472566604617,-0.8433316946029663,-0.9778655767440796,0.20854149758815766,-0.017007019370794297,-0.18814173340797425,-0.8408159613609314,0.5075740218162537,0.09155046194791794,0.4995388388633728,0.8614403009414673]},{"Name":"Left Leg","CFrame":[-0.5983534455299377,-0.20446014404296876,0.10100537538528443,0.8134806752204895,-0.5434951782226563,0.20703187584877015,0.5814785957336426,0.7670739889144898,-0.2710725963115692,-0.01148218009620905,0.34089693427085879,0.9400306344032288]},{"Name":"Right Leg","CFrame":[0.13928818702697755,0.2991321086883545,-0.01394498348236084,0.4018697440624237,-0.8992290496826172,0.17288081347942353,0.9143484830856323,0.4043036699295044,-0.022486330941319467,-0.04967593401670456,0.16710977256298066,0.984686017036438]},{"Name":"Right Arm","CFrame":[-0.40257763862609866,-0.6065889596939087,1.0679384469985963,-0.5136128067970276,-0.7744987607002258,-0.3692609369754791,-0.13296081125736237,-0.3533216118812561,0.9260050654411316,-0.8476576805114746,0.524705171585083,0.07849244028329849]},{"Name":"Head","CFrame":[1.7881393432617188e-7,-2.60770320892334e-8,0.016662120819091798,0.1610540747642517,-0.9310303926467896,0.3274812400341034,0.9811431169509888,0.1869642436504364,0.04901693016290665,-0.10686337202787399,0.31341150403022768,0.9435853958129883]},{"Name":"Left Arm","CFrame":[-0.5047181248664856,-0.26577040553092959,0.21594206988811494,-0.1906968504190445,0.8816367983818054,0.43168383836746218,-0.13129349052906037,-0.4587098956108093,0.8788330554962158,0.972829282283783,0.11091337352991104,0.20322756469249726]},{"Name":"Handle","CFrame":[0.16135862469673158,-0.043034281581640246,0.0017944341525435448,0.6471413373947144,0.7592336535453796,0.06908123195171356,0.7618398070335388,-0.6406519412994385,-0.09573477506637573,-0.028428036719560624,0.11458276212215424,-0.9930068254470825]},{"Name":"Circle.001","CFrame":[0,0,0,1,0,0,0,1,0,0,0,1]}]}]