[{"Time":0,"Poses":[{"Name":"HumanoidRootPart","CFrame":[0,0,0,1,0,0,0,1,0,0,0,1]},{"Name":"Torso","CFrame":[-0.2919192314147949,0.36441078782081606,-0.8697490692138672,-0.9772571325302124,0.20526312291622163,-0.05324987322092056,-0.20242469012737275,-0.8281484842300415,0.5226801037788391,0.06318815052509308,0.5215718746185303,0.8508642911911011]},{"Name":"Left Leg","CFrame":[-0.6699135899543762,-0.16275948286056519,0.10081654787063599,0.8188592195510864,-0.547010600566864,0.17392200231552125,0.5739635229110718,0.7771754264831543,-0.2580011188983917,0.005961456801742315,0.3110913634300232,0.9503613114356995]},{"Name":"Right Leg","CFrame":[0.1288711428642273,0.252962201833725,-0.004127979278564453,0.3591364920139313,-0.9164488911628723,0.17647220194339753,0.9332098364830017,0.35502976179122927,-0.05543819069862366,-0.011846542358398438,0.18459542095661164,0.9827432036399841]},{"Name":"Right Arm","CFrame":[-0.45964449644088747,-0.6280683279037476,1.0840909481048585,-0.5022519826889038,-0.7862377166748047,-0.3599627614021301,-0.13619348406791688,-0.33915555477142336,0.9308195114135742,-0.8539287447929382,0.5165303945541382,0.06326112896203995]},{"Name":"Left Arm","CFrame":[-0.5443926453590393,-0.2654111683368683,0.17459122836589814,-0.12951065599918366,0.889474630355835,0.4382486939430237,-0.16889217495918275,-0.45530053973197939,0.8741722106933594,0.9770888090133667,0.039197888225317,0.2091914713382721]},{"Name":"Handle","CFrame":[0.15309427678585053,-0.04551887512207031,0.0010697823017835618,0.687852680683136,0.7138946652412415,0.13119858503341676,0.7245804667472839,-0.6860266327857971,-0.06596103310585022,0.04291647672653198,0.14043541252613069,-0.9891594648361206]},{"Name":"Circle.001","CFrame":[0,0,0,1,0,0,0,1,0,0,0,1]},{"Name":"Head","CFrame":[1.4901161193847657e-7,-1.3783574104309083e-7,0.016662001609802247,0.1772904098033905,-0.9339917898178101,0.3102055490016937,0.9761951565742493,0.2069079875946045,0.06505441665649414,-0.12494431436061859,0.2912875711917877,0.9484410285949707]}]},{"Time":0.01666666753590107,"Poses":[{"Name":"HumanoidRootPart","CFrame":[0,0,0,1,0,0,0,1,0,0,0,1]},{"Name":"Torso","CFrame":[-0.3251188397407532,0.35237300395965578,-0.8800593614578247,-0.974559485912323,0.20343926548957826,-0.09405434876680374,-0.22220216691493989,-0.8220860958099365,0.5242143273353577,0.02932502143085003,0.5317772030830383,0.8463764786720276]},{"Name":"Left Leg","CFrame":[-0.7161157131195068,-0.12177807092666626,0.10820448398590088,0.8171182870864868,-0.5534937977790833,0.16112816333770753,0.5764699578285217,0.784702718257904,-0.22786825895309449,-0.0003140831249766052,0.27908092737197878,0.9602675437927246]},{"Name":"Right Leg","CFrame":[0.12320452928543091,0.18809327483177186,0.0021407604217529299,0.32838812470436098,-0.9274039268493652,0.1791175901889801,0.9440443515777588,0.31609848141670229,-0.09413903206586838,0.03068622387945652,0.20000912249088288,0.9793134331703186]},{"Name":"Right Arm","CFrame":[-0.3905693590641022,-0.5823225975036621,1.0094244480133057,-0.4834984838962555,-0.7985435724258423,-0.35854867100715639,-0.14574682712554933,-0.33045071363449099,0.932502269744873,-0.8631263971328735,0.5031207203865051,0.04338713735342026]},{"Name":"Left Arm","CFrame":[-0.5398195385932922,-0.2648296356201172,0.13979721069335938,-0.08547719568014145,0.8985605835914612,0.430444598197937,-0.23612681031227113,-0.43798744678497317,0.8674163818359375,0.9679555296897888,-0.027495218440890313,0.24961219727993012]},{"Name":"Handle","CFrame":[0.13145798444747926,-0.05202355980873108,-0.0008273795247077942,0.7604336142539978,0.5771763920783997,0.29767143726348879,0.6060932278633118,-0.79537034034729,-0.006130486726760864,0.23322057723999024,0.1850784420967102,-0.954649031162262]},{"Name":"Circle.001","CFrame":[0,0,0,1,0,0,0,1,0,0,0,1]},{"Name":"Head","CFrame":[4.470348358154297e-8,-4.0978193283081057e-8,0.016662150621414186,0.15185774862766267,-0.9437549114227295,0.2937106788158417,0.9780110716819763,0.18644964694976808,0.09343968331813812,-0.1429465413093567,0.2730628252029419,0.9513165354728699]}]},{"Time":0.03333333507180214,"Poses":[{"Name":"HumanoidRootPart","CFrame":[0,0,0,1,0,0,0,1,0,0,0,1]},{"Name":"Torso","CFrame":[-0.37251824140548708,0.33864298462867739,-0.8760557174682617,-0.9620136022567749,0.22781720757484437,-0.15043051540851594,-0.2729770541191101,-0.8101527690887451,0.5187831521034241,-0.0036840017419308426,0.5401405692100525,0.8415669202804565]},{"Name":"Left Leg","CFrame":[-0.7591283321380615,-0.038233935832977298,0.1653425097465515,0.8210644721984863,-0.5354665517807007,0.1978103220462799,0.5683688521385193,0.7990421652793884,-0.19618402421474458,-0.05300886183977127,0.2735089361667633,0.9604077935218811]},{"Name":"Right Leg","CFrame":[0.14594656229019166,0.32927122712135317,0.0028859376907348634,0.40620729327201846,-0.8934423327445984,0.19172002375125886,0.9137115478515625,0.39972206950187685,-0.07316653430461884,-0.011264655739068985,0.20489752292633058,0.978718638420105]},{"Name":"Right Arm","CFrame":[-0.2212674617767334,-0.4615064561367035,0.8451393246650696,-0.44555172324180605,-0.8214566111564636,-0.35593944787979128,-0.16293472051620484,-0.31653881072998049,0.9344813823699951,-0.8803045153617859,0.4743545949459076,0.00719060841947794]},{"Name":"Left Arm","CFrame":[-0.5274339318275452,-0.26414817571640017,0.10814407467842102,-0.03219413757324219,0.9043753743171692,0.4255219101905823,-0.31475019454956057,-0.4132547378540039,0.8544898629188538,0.9486284255981445,-0.10642357170581818,0.29795682430267336]},{"Name":"Handle","CFrame":[0.10471398383378983,-0.060063738375902179,-0.0031723864376544954,0.7776480913162231,0.38245970010757449,0.49898695945739748,0.4268122911453247,-0.9039171934127808,0.027660205960273744,0.4616217613220215,0.19146384298801423,-0.8661680221557617]},{"Name":"Circle.001","CFrame":[0,0,0,1,0,0,0,1,0,0,0,1]},{"Name":"Head","CFrame":[1.6391277313232423e-7,-5.960464477539063e-8,0.016662031412124635,0.10296306014060974,-0.9540960192680359,0.28124645352363589,0.9804762005805969,0.14497175812721253,0.132852241396904,-0.1675267070531845,0.26207655668258669,0.9503951072692871]}]},{"Time":0.05000000074505806,"Poses":[{"Name":"HumanoidRootPart","CFrame":[0,0,0,1,0,0,0,1,0,0,0,1]},{"Name":"Torso","CFrame":[-0.4485807418823242,0.3229065537452698,-0.8662145733833313,-0.9222847819328308,0.30339452624320986,-0.23946313560009004,-0.38528838753700259,-0.7709047198295593,0.507206916809082,-0.03071942925453186,0.5600515007972717,0.827888011932373]},{"Name":"Left Leg","CFrame":[-0.7447494268417358,0.13364607095718385,0.3015884757041931,0.8504323363304138,-0.4329375624656677,0.2988809645175934,0.5006990432739258,0.8404361605644226,-0.20728722214698792,-0.1614479124546051,0.3259330093860626,0.9315053820610046]},{"Name":"Right Leg","CFrame":[0.1951080560684204,0.6257323026657105,-0.06732326745986939,0.5449852347373962,-0.803978443145752,0.23792792856693269,0.8202455639839172,0.5700432658195496,0.04741246625781059,-0.17374777793884278,0.16932031512260438,0.9701249599456787]},{"Name":"Right Arm","CFrame":[-0.009688735008239746,-0.28942668437957766,0.6798946857452393,-0.37157031893730166,-0.8638162016868591,-0.3402310609817505,-0.18663571774959565,-0.2894875109195709,0.938809871673584,-0.9094517827033997,0.4123331606388092,-0.053653884679079059]},{"Name":"Left Arm","CFrame":[-0.5080841779708862,-0.2634337246417999,0.079490065574646,0.03003312274813652,0.9049031734466553,0.4245566129684448,-0.40212804079055788,-0.37792012095451357,0.8339481949806213,0.915090799331665,-0.1957722008228302,0.352536678314209]},{"Name":"Handle","CFrame":[0.08307767659425736,-0.06656842678785324,-0.005069546401500702,0.7319081425666809,0.2155781239271164,0.6464028358459473,0.26576685905456545,-0.963819146156311,0.020515628159046174,0.6274380683898926,0.15677687525749207,-0.7627206444740295]},{"Name":"Circle.001","CFrame":[0,0,0,1,0,0,0,1,0,0,0,1]},{"Name":"Head","CFrame":[1.6391277313232423e-7,2.0116567611694337e-7,0.016662150621414186,0.07573414593935013,-0.9628055095672607,0.2593645751476288,0.974173903465271,0.12693394720554353,0.18674306571483613,-0.21271933615207673,0.23852327466011048,0.9475532174110413]}]},{"Time":0.06666667014360428,"Poses":[{"Name":"HumanoidRootPart","CFrame":[0,0,0,1,0,0,0,1,0,0,0,1]},{"Name":"Torso","CFrame":[-0.5650749206542969,0.28604188561439516,-0.8583451509475708,-0.8173160552978516,0.43667006492614748,-0.3759174942970276,-0.5741146206855774,-0.6725006699562073,0.46704956889152529,-0.04885821416974068,0.5975467562675476,0.8003441691398621]},{"Name":"Left Leg","CFrame":[-0.5484246015548706,0.2723567485809326,0.48530423641204836,0.8815696835517883,-0.19427232444286347,0.43022459745407107,0.35686779022216799,0.8708587884902954,-0.3380095660686493,-0.30899903178215029,0.45151224732398989,0.8370522260665894]},{"Name":"Right Leg","CFrame":[0.2636123299598694,0.8615037202835083,-0.261194109916687,0.6300682425498962,-0.6956270337104797,0.34513363242149355,0.6677491068840027,0.7122171521186829,0.21646720170974732,-0.3963903784751892,0.09407354891300202,0.9132496118545532]},{"Name":"Right Arm","CFrame":[0.1864762306213379,-0.08988472819328308,0.6020975112915039,-0.24108785390853883,-0.9253547787666321,-0.2925669252872467,-0.21924781799316407,-0.2417348325252533,0.945248544216156,-0.9454137086868286,0.29203248023986819,-0.14460253715515138]},{"Name":"Left Arm","CFrame":[-0.4826297163963318,-0.26275748014450076,0.05373063683509827,0.10027541220188141,0.897842526435852,0.4287465214729309,-0.4945853352546692,-0.32892686128616335,0.8044828176498413,0.8633251190185547,-0.29272162914276125,0.4110764265060425]},{"Name":"Handle","CFrame":[0.07481332868337631,-0.06905296444892883,-0.005794189870357513,0.7008313536643982,0.15193819999694825,0.6969578862190247,0.20268619060516358,-0.979196310043335,0.009653843939304352,0.6839253902435303,0.1344980150461197,-0.7170472741127014]},{"Name":"Circle.001","CFrame":[0,0,0,1,0,0,0,1,0,0,0,1]},{"Name":"Head","CFrame":[1.4901161193847657e-8,2.086162567138672e-7,0.016662687063217164,0.11287946254014969,-0.9691016674041748,0.21931764483451844,0.9530624151229858,0.16801410913467408,0.2518799304962158,-0.28094568848609927,0.1805914342403412,0.9425796270370483]}]},{"Time":0.0833333358168602,"Poses":[{"Name":"HumanoidRootPart","CFrame":[0,0,0,1,0,0,0,1,0,0,0,1]},{"Name":"Torso","CFrame":[-0.7293331027030945,0.17640817165374757,-0.8632614612579346,-0.5455979704856873,0.6151193976402283,-0.569166898727417,-0.8371573090553284,-0.4313269555568695,0.33634018898010256,-0.03860770910978317,0.6599888801574707,0.7502829432487488]},{"Name":"Left Leg","CFrame":[-0.27390649914741518,0.09085139632225037,0.5902584791183472,0.8624175190925598,0.10725477337837219,0.4947045147418976,0.24838565289974214,0.761886477470398,-0.5981919765472412,-0.4410676658153534,0.6387688517570496,0.6304236054420471]},{"Name":"Right Leg","CFrame":[0.2938850224018097,0.9542567729949951,-0.5125106573104858,0.5871040225028992,-0.6402881741523743,0.4953182339668274,0.5188908576965332,0.7673012018203735,0.37683025002479555,-0.6213381290435791,0.03577753156423569,0.7827252745628357]},{"Name":"Right Arm","CFrame":[0.3231606185436249,0.11002182960510254,0.6642884016036987,0.03142499178647995,-0.9674875140190125,-0.2509591579437256,-0.1911369264125824,-0.2522664964199066,0.9485929012298584,-0.9810603260993958,0.01815798692405224,-0.19285014271736146]},{"Name":"Left Arm","CFrame":[-0.45193248987197878,-0.262215256690979,0.030807942152023317,0.17671845853328706,0.8808171153068543,0.4392401874065399,-0.587184488773346,-0.2638073265552521,0.765258252620697,0.7899273633956909,-0.3931502401828766,0.47058260440826418]},{"Name":"Handle","CFrame":[0.06748393923044205,-0.07125642895698548,-0.006436859257519245,0.41726264357566836,0.7312547564506531,0.5395910739898682,0.7669693827629089,-0.6018573045730591,0.22254471480846406,0.4874936044216156,0.3209901750087738,-0.8119826316833496]},{"Name":"Circle.001","CFrame":[0,0,0,1,0,0,0,1,0,0,0,1]},{"Name":"Head","CFrame":[6.705522537231445e-8,0,0.016662180423736573,0.2951015830039978,-0.9424831867218018,0.15697340667247773,0.8853721618652344,0.33150216937065127,0.32591819763183596,-0.35920944809913638,0.042800914496183398,0.9322750568389893]}]},{"Time":0.10000000149011612,"Poses":[{"Name":"HumanoidRootPart","CFrame":[0,0,0,1,0,0,0,1,0,0,0,1]},{"Name":"Torso","CFrame":[-0.8689969778060913,-0.11170239746570587,-0.8815314173698425,0.06936663389205933,0.678085446357727,-0.7317023277282715,-0.9960166215896606,0.08827003091573715,-0.01262219250202179,0.056028421968221667,0.7296633124351502,0.681507408618927]},{"Name":"Left Leg","CFrame":[-0.25012412667274477,-0.22292295098304749,0.41386109590530398,0.8675935864448547,0.19940276443958283,0.455543577671051,0.2485898733139038,0.6194838285446167,-0.7446090579032898,-0.43067917227745058,0.7592616677284241,0.48789075016975405]},{"Name":"Right Leg","CFrame":[0.2181299924850464,0.9501352310180664,-0.6036863327026367,0.4919809103012085,-0.7039429545402527,0.5122687816619873,0.5144520998001099,0.7097517251968384,0.4812396168708801,-0.7023488879203796,0.026777001097798349,0.7113291621208191]},{"Name":"Right Arm","CFrame":[0.40775588154792788,0.2839697003364563,0.8062100410461426,0.44054120779037478,-0.8546627759933472,-0.2747270166873932,-0.033064521849155429,-0.3212631046772003,0.9464126825332642,-0.8971233367919922,-0.4078500270843506,-0.169788658618927]},{"Name":"Left Arm","CFrame":[-0.41684257984161379,-0.26194578409194949,0.010711848735809327,0.256519079208374,0.851733922958374,0.45688873529434206,-0.6738231778144836,-0.1813039779663086,0.716303825378418,0.6929360032081604,-0.49160778522491457,0.5274101495742798]},{"Name":"Handle","CFrame":[0.052825186401605609,-0.07566328346729279,-0.007722181733697653,-0.7253540754318237,0.6856298446655273,0.061433952301740649,0.6878745555877686,0.7185239791870117,0.1027236208319664,0.02628859505057335,0.11676978319883347,-0.9928115606307983]},{"Name":"Circle.001","CFrame":[0,0,0,1,0,0,0,1,0,0,0,1]},{"Name":"Head","CFrame":[8.195638656616211e-8,-1.6391277313232423e-7,0.01666197180747986,0.6923346519470215,-0.7163174748420715,0.08695995062589646,0.6306990385055542,0.6592779159545898,0.4093548059463501,-0.3505587875843048,-0.22856496274471284,0.9082216620445252]}]},{"Time":0.11666666716337204,"Poses":[{"Name":"HumanoidRootPart","CFrame":[0,0,0,1,0,0,0,1,0,0,0,1]},{"Name":"Torso","CFrame":[-0.7167317867279053,-0.5222570300102234,-0.854615330696106,0.81117844581604,0.22691723704338075,-0.5389787554740906,-0.5290126800537109,0.6775832176208496,-0.5109075903892517,0.2492692768573761,0.6995638012886047,0.6696830987930298]},{"Name":"Left Leg","CFrame":[-0.35216224193573,-0.1989019215106964,0.2051713466644287,0.9394079446792603,0.03896169736981392,0.34057989716529848,0.19730424880981446,0.7510040402412415,-0.6301301121711731,-0.28032785654067995,0.6591470837593079,0.697812020778656]},{"Name":"Right Leg","CFrame":[0.10741961002349854,0.9830515384674072,-0.4854156970977783,0.6055745482444763,-0.76585853099823,0.2161952406167984,0.6245468854904175,0.6257535815238953,0.46730464696884158,-0.49317413568496706,-0.147963747382164,0.8572549223899841]},{"Name":"Right Arm","CFrame":[0.4555392265319824,0.40903300046920779,0.9507467746734619,0.750076413154602,-0.5633118152618408,-0.346504271030426,0.17663702368736268,-0.33426451683044436,0.9257789254188538,-0.6373262405395508,-0.7556104063987732,-0.15122219920158387]},{"Name":"Left Arm","CFrame":[-0.37818223237991335,-0.2621556520462036,-0.0065348148345947269,0.33590370416641238,0.8092508912086487,0.48195624351501467,-0.7477837204933167,-0.08199934661388397,0.6588594317436218,0.5727025866508484,-0.5817122459411621,0.5776007175445557]},{"Name":"Handle","CFrame":[0.04549569636583328,-0.07786666601896286,-0.008364837616682053,-0.9963630437850952,0.08416849374771118,-0.013276672922074795,0.08520171046257019,0.982042670249939,-0.16832341253757478,-0.0011292733252048493,-0.16884244978427888,-0.9856423139572144]},{"Name":"Circle.001","CFrame":[0,0,0,1,0,0,0,1,0,0,0,1]},{"Name":"Head","CFrame":[6.891787052154541e-8,-2.384185791015625e-7,0.01666209101676941,0.9976982474327087,-0.03943510353565216,0.055165134370326999,0.008379563689231873,0.8789771795272827,0.4767901599407196,-0.0672910064458847,-0.47523045539855959,0.8772844076156616]}]},{"Time":0.13333334028720857,"Poses":[{"Name":"HumanoidRootPart","CFrame":[0,0,0,1,0,0,0,1,0,0,0,1]},{"Name":"Torso","CFrame":[-0.3427790701389313,-0.6377782821655273,-0.7524189949035645,0.8903627395629883,-0.44871875643730166,-0.07684871554374695,0.2964463531970978,0.6995688676834106,-0.6501715183258057,0.34550514817237856,0.5561069250106812,0.7558910846710205]},{"Name":"Left Leg","CFrame":[-0.521430492401123,0.07860934734344483,0.09926402568817139,0.9920283555984497,-0.07295868545770645,0.10274603217840195,0.09919072687625885,0.9549857974052429,-0.27957746386528017,-0.07772333174943924,0.28754013776779177,0.9546098113059998]},{"Name":"Right Leg","CFrame":[0.08008623123168946,1.0484340190887452,-0.39705750346183779,0.794879674911499,-0.5597758889198303,-0.234130859375,0.603305995464325,0.6879814267158508,0.4033654034137726,-0.06471642106771469,-0.4618794918060303,0.8845784068107605]},{"Name":"Right Arm","CFrame":[0.47255265712738039,0.4574512839317322,1.0175585746765137,0.8506903052330017,-0.3405393362045288,-0.4004485309123993,0.2964647710323334,-0.31827253103256228,0.9004506468772888,-0.4340907633304596,-0.8847233653068543,-0.16979339718818665]},{"Name":"Left Arm","CFrame":[-0.33672869205474856,-0.2631332278251648,-0.020908772945404054,0.410595566034317,0.7532208561897278,0.5138769745826721,-0.8027315139770508,0.0312982052564621,0.5955188870429993,0.432473748922348,-0.6570226550102234,0.6174850463867188]},{"Name":"Handle","CFrame":[0.08743678778409958,-0.07480240613222122,-0.011604906991124154,-0.9975240230560303,0.06796848773956299,-0.018063414841890336,0.07005967199802399,0.9827913641929627,-0.1709175407886505,0.006135561037808657,-0.17175984382629395,-0.9851198792457581]},{"Name":"Circle.001","CFrame":[0,0,0,1,0,0,0,1,0,0,0,1]},{"Name":"Head","CFrame":[-9.12696123123169e-8,-2.2351741790771485e-7,0.01666197180747986,0.7779264450073242,0.6265847682952881,0.04713819921016693,-0.570000171661377,0.6721205711364746,0.47260308265686037,0.2644433379173279,-0.3945194482803345,0.8800138235092163]}]},{"Time":0.15000000596046449,"Poses":[{"Name":"HumanoidRootPart","CFrame":[0,0,0,1,0,0,0,1,0,0,0,1]},{"Name":"Torso","CFrame":[-0.12422537803649903,-0.5268145799636841,-0.6644611954689026,0.5896728038787842,-0.7835490703582764,0.1957981288433075,0.7425784468650818,0.4306633174419403,-0.5129390358924866,0.31758978962898257,0.4478616714477539,0.8357970118522644]},{"Name":"Left Leg","CFrame":[-0.5733566284179688,0.30917131900787356,-0.07697048783302307,0.9951798915863037,0.029981371015310289,-0.09337108582258225,-0.023321812972426416,0.9971595406532288,0.07161691039800644,0.09525302797555924,-0.06909416615962982,0.9930523633956909]},{"Name":"Right Leg","CFrame":[0.1775415539741516,1.0249522924423218,-0.26281246542930605,0.8320251107215881,-0.2278822362422943,-0.5057704448699951,0.4574681222438812,0.7975639700889587,0.39321061968803408,0.3137787878513336,-0.5585350394248962,0.7678422331809998]},{"Name":"Right Arm","CFrame":[0.4561232328414917,0.4389510154724121,0.9851856231689453,0.8693439364433289,-0.26131367683410647,-0.4194713532924652,0.32949572801589968,-0.3261354863643646,0.8860408067703247,-0.3683391213417053,-0.9084882140159607,-0.19742202758789063]},{"Name":"Left Arm","CFrame":[-0.29320892691612246,-0.26524394750595095,-0.03243076801300049,0.4765295684337616,0.6849271059036255,0.5511754155158997,-0.8339360356330872,0.1536707878112793,0.530034065246582,0.27833494544029238,-0.7122220396995544,0.6444141268730164]},{"Name":"Handle","CFrame":[0.19724003970623017,-0.06678003072738648,-0.02008751966059208,-0.999215304851532,0.025422561913728715,-0.030383268371224405,0.03043784573674202,0.9835517406463623,-0.1780436933040619,0.025357188656926156,-0.17882871627807618,-0.9835537075996399]},{"Name":"Circle.001","CFrame":[0,0,0,1,0,0,0,1,0,0,0,1]},{"Name":"Head","CFrame":[-3.5390257835388186e-8,4.470348358154297e-8,0.016661792993545533,0.45321598649024966,0.8913125991821289,0.01254559587687254,-0.8130048513412476,0.4075446128845215,0.4158492088317871,0.36553868651390078,-0.19866909086704255,0.9093471169471741]}]},{"Time":0.1666666716337204,"Poses":[{"Name":"HumanoidRootPart","CFrame":[0,0,0,1,0,0,0,1,0,0,0,1]},{"Name":"Torso","CFrame":[-0.04996249079704285,-0.41357699036598208,-0.6173600554466248,0.34375444054603579,-0.8925043344497681,0.29200825095176699,0.9008257985115051,0.2255832552909851,-0.3709785044193268,0.2652277648448944,0.39057406783103945,0.8815361857414246]},{"Name":"Left Leg","CFrame":[-0.5717518329620361,0.41646116971969607,-0.23809543251991273,0.9592658877372742,0.16219216585159303,-0.2313065230846405,-0.09187493473291397,0.9533690810203552,0.28748267889022829,0.267147958278656,-0.25452113151550295,0.9294359087944031]},{"Name":"Right Leg","CFrame":[0.21255812048912049,0.9420347809791565,-0.07250510156154633,0.7715268135070801,-0.006606518290936947,-0.636162519454956,0.3042284846305847,0.8820356130599976,0.35980314016342165,0.55874103307724,-0.47113656997680666,0.6825240850448608]},{"Name":"Right Arm","CFrame":[0.4076222777366638,0.39069074392318728,0.9041038751602173,0.8767292499542236,-0.22031839191913606,-0.4275578260421753,0.34410426020622256,-0.33378249406814577,0.8775999546051025,-0.3360627293586731,-0.9165419936180115,-0.21682433784008027]},{"Name":"Left Arm","CFrame":[-0.24829939007759095,-0.26890259981155398,-0.04120415449142456,0.5306555032730103,0.6069551110267639,0.5916165113449097,-0.8392829298973084,0.2788074016571045,0.4667661190032959,0.11835901439189911,-0.7442257404327393,0.6573578119277954]},{"Name":"Handle","CFrame":[0.33296409249305727,-0.056863851845264438,-0.030572574585676194,-0.9986059069633484,-0.027331743389368058,-0.0451577827334404,-0.018400654196739198,0.98209148645401,-0.18750406801700593,0.04947388917207718,-0.18641172349452973,-0.9812252521514893]},{"Name":"Circle.001","CFrame":[0,0,0,1,0,0,0,1,0,0,0,1]},{"Name":"Head","CFrame":[3.91155481338501e-8,-1.4901161193847657e-7,0.016661912202835084,0.27321764826774599,0.9612919092178345,-0.0356382392346859,-0.9042883515357971,0.26929762959480288,0.33127233386039736,0.32804667949676516,-0.05828221142292023,0.9428619742393494]}]},{"Time":0.18333333730697633,"Poses":[{"Name":"HumanoidRootPart","CFrame":[0,0,0,1,0,0,0,1,0,0,0,1]},{"Name":"Torso","CFrame":[-0.03388790786266327,-0.3460990786552429,-0.5958910584449768,0.20940861105918885,-0.9253197312355042,0.31611937284469607,0.9519327878952026,0.1190078929066658,-0.28224319219589236,0.22354447841644288,0.36002856492996218,0.9057633876800537]},{"Name":"Left Leg","CFrame":[-0.5848879218101502,0.46339845657348635,-0.35970574617385867,0.9171839952468872,0.22788873314857484,-0.3268640339374542,-0.08582139760255814,0.9140368103981018,0.39644870162010195,0.38911202549934389,-0.3355644643306732,0.8578976392745972]},{"Name":"Right Leg","CFrame":[0.20087242126464845,0.8612077236175537,0.06681953370571137,0.7068713307380676,0.0989653617143631,-0.7003848552703857,0.185349702835083,0.9296503067016602,0.318427175283432,0.6826262474060059,-0.3549032211303711,0.6387998461723328]},{"Name":"Right Arm","CFrame":[0.33887869119644167,0.32312124967575076,0.7954573035240173,0.8795660138130188,-0.20441414415836335,-0.42962583899497988,0.3481573164463043,-0.338910311460495,0.8740288615226746,-0.3242684602737427,-0.9183434844017029,-0.22692567110061646]},{"Name":"Left Arm","CFrame":[-0.20264923572540284,-0.2745303809642792,-0.047435760498046878,0.5715357065200806,0.522698163986206,0.6325609683990479,-0.8196579813957214,0.4001329243183136,0.4099445343017578,-0.03883127495646477,-0.7527817487716675,0.6571242213249207]},{"Name":"Handle","CFrame":[0.4427672028541565,-0.04884147644042969,-0.039055176079273227,-0.995930552482605,-0.07004091143608093,-0.0567147433757782,-0.05770568549633026,0.9789711833000183,-0.1956666260957718,0.06922677159309387,-0.19159762561321259,-0.97902911901474]},{"Name":"Circle.001","CFrame":[0,0,0,1,0,0,0,1,0,0,0,1]},{"Name":"Head","CFrame":[4.0978193283081057e-8,-1.6391277313232423e-7,0.01666206121444702,0.21262739598751069,0.9741221070289612,-0.07665374875068665,-0.9464457035064697,0.22482073307037354,0.2317246049642563,0.24296143651008607,0.023277610540390016,0.9697567224502564]}]},{"Time":0.20000000298023225,"Poses":[{"Name":"HumanoidRootPart","CFrame":[0,0,0,1,0,0,0,1,0,0,0,1]},{"Name":"Torso","CFrame":[-0.03455159068107605,-0.3127172291278839,-0.5842057466506958,0.14682626724243165,-0.9364262223243713,0.3186662495136261,0.9697450399398804,0.07275097817182541,-0.23302790522575379,0.19503015279769898,0.3432396352291107,0.9187763333320618]},{"Name":"Left Leg","CFrame":[-0.5972758531570435,0.47561466693878176,-0.43277400732040408,0.8915098309516907,0.2467285394668579,-0.3799148499965668,-0.055013712495565417,0.8914221525192261,0.44982215762138369,0.4496484398841858,-0.3801203668117523,0.808285117149353]},{"Name":"Right Leg","CFrame":[0.2031247764825821,0.7981048822402954,0.13487878441810609,0.6828808784484863,0.14740940928459168,-0.7155028581619263,0.11213802546262741,0.9466703534126282,0.3020603060722351,0.7218717932701111,-0.28650620579719546,0.6299327611923218]},{"Name":"Right Arm","CFrame":[0.2616543173789978,0.24674755334854127,0.6805237531661987,0.8805218935012817,-0.20216988027095796,-0.42872920632362368,0.3483017086982727,-0.3375306725502014,0.8745049834251404,-0.32150784134864809,-0.9193477630615234,-0.22678692638874055]},{"Name":"Left Arm","CFrame":[-0.1569041609764099,-0.28251785039901736,-0.05143260955810547,0.5995209217071533,0.43566375970840456,0.6713955402374268,-0.7785481214523315,0.5119495987892151,0.36300206184387209,-0.18557380139827729,-0.7403410077095032,0.6461097002029419]},{"Name":"Handle","CFrame":[0.4847082793712616,-0.045777205377817157,-0.04229523986577988,-0.9943944811820984,-0.08634179830551148,-0.06103028357028961,-0.07265201956033707,0.9773229956626892,-0.19890090823173524,0.07681974768638611,-0.19335196912288667,-0.9781175255775452]},{"Name":"Circle.001","CFrame":[0,0,0,1,0,0,0,1,0,0,0,1]},{"Name":"Head","CFrame":[-8.940696716308594e-8,2.3096799850463868e-7,0.016661852598190309,0.2109791785478592,0.9721738696098328,-0.1018127053976059,-0.9656028151512146,0.223474383354187,0.1329304426908493,0.15198396146297456,0.07026509940624237,0.9858822822570801]}]},{"Time":0.21666666865348817,"Poses":[{"Name":"HumanoidRootPart","CFrame":[0,0,0,1,0,0,0,1,0,0,0,1]},{"Name":"Torso","CFrame":[-0.03920245170593262,-0.2979355752468109,-0.5772558450698853,0.12372797727584839,-0.940853476524353,0.3154144585132599,0.9769262671470642,0.059728387743234637,-0.20505540072917939,0.17408791184425355,0.3335077464580536,0.9265344142913818]},{"Name":"Left Leg","CFrame":[-0.6198835968971252,0.47718989849090578,-0.4880163073539734,0.8766622543334961,0.23644903302192689,-0.4189929962158203,-0.01094918604940176,0.8804746866226196,0.47396668791770937,0.480981707572937,-0.41092124581336977,0.7744678854942322]},{"Name":"Right Leg","CFrame":[0.22134728729724885,0.7494131326675415,0.17215681076049806,0.6871820092201233,0.17108863592147828,-0.7060521841049194,0.06111028045415878,0.954816460609436,0.2908456027507782,0.7239105105400086,-0.24301084876060487,0.6456774473190308]},{"Name":"Right Arm","CFrame":[0.18529602885246278,0.17060357332229615,0.576848030090332,0.8769626617431641,-0.21851488947868348,-0.42800432443618777,0.34974491596221926,-0.3205862045288086,0.8802857995033264,-0.3295678496360779,-0.9216700792312622,-0.2047175168991089]},{"Name":"Left Arm","CFrame":[-0.11172889173030853,-0.29319119453430178,-0.05357080698013306,0.6164925694465637,0.34883686900138857,0.705868124961853,-0.7210673093795776,0.6101961135864258,0.32821089029312136,-0.3162260055541992,-0.7113181352615356,0.6277164220809937]},{"Name":"Handle","CFrame":[0.4847085177898407,-0.045777201652526858,-0.04229526221752167,-0.9940279126167297,-0.08634176850318909,-0.06673888862133026,-0.07150880992412567,0.9773229360580444,-0.19931478798389436,0.08243463933467865,-0.19335199892520905,-0.9776604771614075]},{"Name":"Circle.001","CFrame":[0,0,0,1,0,0,0,1,0,0,0,1]},{"Name":"Head","CFrame":[1.1175870895385742e-7,-3.725290298461914e-8,0.01666244864463806,0.23140212893486024,0.9661365747451782,-0.11416381597518921,-0.9701351523399353,0.23793403804302216,0.04717319458723068,0.07273907214403153,0.09983843564987183,0.9923413991928101]}]},{"Time":0.23333333432674409,"Poses":[{"Name":"HumanoidRootPart","CFrame":[0,0,0,1,0,0,0,1,0,0,0,1]},{"Name":"Torso","CFrame":[-0.04285913705825806,-0.2916354537010193,-0.5729919075965881,0.11988615244626999,-0.9422614574432373,0.31268322467803957,0.9804277420043945,0.06282465159893036,-0.18658651411533357,0.15616905689239503,0.32893243432044985,0.9313510060310364]},{"Name":"Left Leg","CFrame":[-0.6505149006843567,0.47715604305267336,-0.5435799360275269,0.8634890913963318,0.21325451135635377,-0.4570658206939697,0.039558980613946918,0.8747884631156921,0.48288750648498537,0.5028138160705566,-0.4350491166114807,0.7469340562820435]},{"Name":"Right Leg","CFrame":[0.24972693622112275,0.7054276466369629,0.19921469688415528,0.7060539722442627,0.18362835049629212,-0.6839361190795898,0.0163845457136631,0.9613012671470642,0.2750120162963867,0.7079684734344482,-0.20537927746772767,0.6757217645645142]},{"Name":"Right Arm","CFrame":[0.11147361993789673,0.09707599878311157,0.48702651262283327,0.8650819063186646,-0.26306262612342837,-0.4271199703216553,0.3540315330028534,-0.2830418348312378,0.8913748264312744,-0.35538017749786379,-0.9223261475563049,-0.15172187983989716]},{"Name":"Left Arm","CFrame":[-0.06782044470310211,-0.30681312084198,-0.05426150560379028,0.6253388524055481,0.2642873227596283,0.7342367768287659,-0.6528208255767822,0.6926572322845459,0.3066771328449249,-0.42752358317375185,-0.6711022257804871,0.6056778430938721]},{"Name":"Handle","CFrame":[0.48470842838287356,-0.045777201652526858,-0.04229525104165077,-0.9927635192871094,-0.08634176105260849,-0.08346228301525116,-0.06814353913068772,0.9773229360580444,-0.20049025118350984,0.09888029098510742,-0.19335196912288667,-0.976134181022644]},{"Name":"Circle.001","CFrame":[0,0,0,1,0,0,0,1,0,0,0,1]},{"Name":"Head","CFrame":[1.1175870895385743e-8,2.416782081127167e-7,0.016662001609802247,0.25403472781181338,0.9595593810081482,-0.12129361927509308,-0.9670265316963196,0.25432631373405459,-0.013331927359104157,0.01805526204407215,0.12068096548318863,0.992527186870575]}]},{"Time":0.25,"Poses":[{"Name":"HumanoidRootPart","CFrame":[0,0,0,1,0,0,0,1,0,0,0,1]},{"Name":"Torso","CFrame":[-0.04244081676006317,-0.2862437963485718,-0.570547342300415,0.11986694484949112,-0.9416651129722595,0.3144817352294922,0.9832212924957275,0.06872496008872986,-0.168975830078125,0.13750596344470979,0.3294597268104553,0.9341030120849609]},{"Name":"Left Leg","CFrame":[-0.6817746162414551,0.48144054412841799,-0.6126395463943481,0.8434971570968628,0.19329842925071717,-0.5011469721794128,0.08980552107095719,0.8691176772117615,0.4863840937614441,0.5295729041099548,-0.45526954531669619,0.7157390117645264]},{"Name":"Right Leg","CFrame":[0.28029370307922366,0.655281662940979,0.22892643511295319,0.7278668284416199,0.19241863489151,-0.6581677794456482,-0.032884348183870319,0.968512773513794,0.2467828243970871,0.6849294900894165,-0.15798164904117585,0.7112758755683899]},{"Name":"Right Arm","CFrame":[0.04039427638053894,0.02675020694732666,0.41002368927001955,0.8437023162841797,-0.3322660028934479,-0.42162296175956728,0.36282429099082949,-0.22589677572250367,0.9040626883506775,-0.3956325054168701,-0.9157347679138184,-0.07003535330295563]},{"Name":"Left Arm","CFrame":[-0.025913774967193605,-0.32358473539352419,-0.05391800403594971,0.6294003129005432,0.18306642770767213,0.7552100419998169,-0.5789705514907837,0.7587003707885742,0.2986079454421997,-0.5183130502700806,-0.625188410282135,0.5835161805152893]},{"Name":"Handle","CFrame":[0.4847082793712616,-0.04577721655368805,-0.042295243591070178,-0.9901726841926575,-0.08634175360202789,-0.11001469939947128,-0.06275074183940888,0.9773229360580444,-0.20224298536777497,0.12498190253973007,-0.19335196912288667,-0.9731364846229553]},{"Name":"Circle.001","CFrame":[0,0,0,1,0,0,0,1,0,0,0,1]},{"Name":"Head","CFrame":[1.1920928955078126e-7,1.73225998878479e-7,0.016662001609802247,0.26632118225097659,0.9545462727546692,-0.1338449865579605,-0.9638843536376953,0.2637160122394562,-0.037160005420446399,-0.000173933818587102,0.13890758156776429,0.9903054237365723]}]},{"Time":0.2666666805744171,"Poses":[{"Name":"HumanoidRootPart","CFrame":[0,0,0,1,0,0,0,1,0,0,0,1]},{"Name":"Torso","CFrame":[-0.03575260937213898,-0.2799745798110962,-0.5703617930412293,0.1333560347557068,-0.9367148876190186,0.3236997425556183,0.9846658110618591,0.08816252648830414,-0.15053460001945496,0.11246977746486664,0.3388107717037201,0.9341080188751221]},{"Name":"Left Leg","CFrame":[-0.7109957933425903,0.4947913885116577,-0.6890186071395874,0.822524905204773,0.17462773621082307,-0.5412559509277344,0.13608728349208833,0.8636146783828735,0.48543813824653628,0.5522074699401856,-0.47294291853904726,0.6865798234939575]},{"Name":"Right Leg","CFrame":[0.31887292861938479,0.5943999886512756,0.2581721842288971,0.7607264518737793,0.19170314073562623,-0.6201171875,-0.08413241058588028,0.9764524698257446,0.19865165650844575,0.6435970067977905,-0.09894773364067078,0.7589414715766907]},{"Name":"Right Arm","CFrame":[-0.027710169553756715,-0.03979814052581787,0.3448786437511444,0.8110500574111939,-0.4216019809246063,-0.40552374720573428,0.3784030079841614,-0.1505405306816101,0.9133174419403076,-0.44610416889190676,-0.8941975831985474,0.037439655512571338]},{"Name":"Left Arm","CFrame":[0.01322677731513977,-0.34367096424102785,-0.05293619632720947,0.6320457458496094,0.10532930493354798,0.7677394151687622,-0.5036702752113342,0.8087564706802368,0.30369266867637637,-0.5889266133308411,-0.5786352157592773,0.5642223358154297]},{"Name":"Handle","CFrame":[0.48470863699913027,-0.04577719420194626,-0.04229527711868286,-0.9857314229011536,-0.08634176850318909,-0.14449724555015565,-0.05565580353140831,0.9773229360580444,-0.2043094038963318,0.15886089205741883,-0.19335201382637025,-0.9681833386421204]},{"Name":"Circle.001","CFrame":[0,0,0,1,0,0,0,1,0,0,0,1]},{"Name":"Head","CFrame":[5.21540641784668e-8,-3.5390257835388186e-8,0.0166623592376709,0.2747842073440552,0.953237771987915,-0.1258232593536377,-0.9614850282669067,0.273277223110199,-0.02942693792283535,0.0063337525352835659,0.12906323373317719,0.9916161894798279]}]},{"Time":0.28333333134651186,"Poses":[{"Name":"HumanoidRootPart","CFrame":[0,0,0,1,0,0,0,1,0,0,0,1]},{"Name":"Torso","CFrame":[-0.02410741150379181,-0.2742244601249695,-0.5723922848701477,0.1775437593460083,-0.9239572286605835,0.3387940227985382,0.9812001585960388,0.13973020017147065,-0.13312293589115144,0.07566013932228089,0.3560599386692047,0.9313951730728149]},{"Name":"Left Leg","CFrame":[-0.7417190074920654,0.5195237398147583,-0.753437340259552,0.8115760684013367,0.14632919430732728,-0.5656255483627319,0.17536059021949769,0.8624799847602844,0.4747389554977417,0.5573087930679321,-0.4844752252101898,0.6743075847625732]},{"Name":"Right Leg","CFrame":[0.3800990879535675,0.5207644701004028,0.2738189995288849,0.8148201704025269,0.1808547079563141,-0.5507810711860657,-0.13116735219955445,0.9829680919647217,0.12872005999088288,0.5646798014640808,-0.03263923525810242,0.8246644735336304]},{"Name":"Right Arm","CFrame":[-0.09253311157226563,-0.10204392671585083,0.2906632721424103,0.7658500075340271,-0.5241692662239075,-0.3724520206451416,0.40299662947654726,-0.0600915253162384,0.9132265448570252,-0.5010665059089661,-0.8494913578033447,0.16521741449832917]},{"Name":"Left Arm","CFrame":[0.04881516098976135,-0.3672199249267578,-0.05168658494949341,0.6364380717277527,0.03058120608329773,0.7707213759422302,-0.42983919382095339,0.8437390923500061,0.32146936655044558,-0.6404567360877991,-0.535881757736206,0.5501328706741333]},{"Name":"Handle","CFrame":[0.48470818996429446,-0.04577720910310745,-0.042295243591070178,-0.9790460467338562,-0.0863417461514473,-0.18442822992801667,-0.04730872064828873,0.9773229360580444,-0.20640192925930024,0.1980670541524887,-0.19335193932056428,-0.9609288573265076]},{"Name":"Circle.001","CFrame":[0,0,0,1,0,0,0,1,0,0,0,1]},{"Name":"Head","CFrame":[2.9802322387695315e-8,1.4388933777809144e-7,0.016662120819091798,0.29799455404281618,0.9510381817817688,-0.08201122283935547,-0.9543991684913635,0.2984543740749359,-0.006879473105072975,0.017933998256921769,0.08032150566577912,0.9966076612472534]}]},{"Time":0.30000001192092898,"Poses":[{"Name":"HumanoidRootPart","CFrame":[0,0,0,1,0,0,0,1,0,0,0,1]},{"Name":"Torso","CFrame":[-0.009894654154777527,-0.26702651381492617,-0.5756956338882446,0.2514247000217438,-0.8996825814247131,0.35687121748924258,0.9676119089126587,0.22501716017723084,-0.11443200707435608,0.0226503387093544,0.37408387660980227,0.9271183013916016]},{"Name":"Left Leg","CFrame":[-0.772823691368103,0.5598063468933106,-0.791469931602478,0.813753068447113,0.11090931296348572,-0.5705307126045227,0.1996632069349289,0.8685396313667297,0.4536227285861969,0.5458393692970276,-0.4830508232116699,0.6846321225166321]},{"Name":"Right Leg","CFrame":[0.4650871157646179,0.425487220287323,0.264665424823761,0.8804429173469544,0.17215025424957276,-0.4417971670627594,-0.17352797091007234,0.984109103679657,0.03764884173870087,0.44125789403915408,0.04351646453142166,0.8963245749473572]},{"Name":"Right Arm","CFrame":[-0.15366007387638093,-0.1595522165298462,0.24640017747879029,0.7085778117179871,-0.630120038986206,-0.31759458780288699,0.43783462047576907,0.03964708000421524,0.8981809616088867,-0.5533700585365295,-0.7754849195480347,0.3039815127849579]},{"Name":"Left Arm","CFrame":[0.08005386590957642,-0.39438164234161379,-0.050521254539489749,0.6454592347145081,-0.04203068092465401,0.7626374959945679,-0.35914573073387148,0.8645146489143372,0.3516088128089905,-0.6740895509719849,-0.5008472800254822,0.5429138541221619]},{"Name":"Handle","CFrame":[0.48470839858055117,-0.04577720910310745,-0.04229526221752167,-0.9700742363929749,-0.08634175360202789,-0.22693896293640138,-0.0382646843791008,0.9773229360580444,-0.20826831459999085,0.2397749125957489,-0.19335195422172547,-0.9513795971870422]},{"Name":"Circle.001","CFrame":[0,0,0,1,0,0,0,1,0,0,0,1]},{"Name":"Head","CFrame":[2.691522240638733e-7,-5.21540641784668e-8,0.016662031412124635,0.34597137570381167,0.937714159488678,-0.03156023472547531,-0.9376010894775391,0.346784383058548,0.02539755031466484,0.034760233014822009,0.02080420032143593,0.9991791248321533]}]}]