[{"Time":0,"Poses":[{"Name":"HumanoidRootPart","CFrame":[0,0,0,1,0,0,0,1,0,0,0,1]},{"Name":"Torso","CFrame":[0.004599153995513916,-0.25569427013397219,-0.5793097019195557,0.3558775782585144,-0.8559233546257019,0.3751618266105652,0.9330620765686035,0.347941517829895,-0.09127948433160782,-0.05240613594651222,0.38253358006477358,0.9224541783332825]},{"Name":"Left Leg","CFrame":[-0.8040169477462769,0.6187236309051514,-0.7791156768798828,0.8361125588417053,0.06925485283136368,-0.5441687703132629,0.20062869787216187,0.884663999080658,0.4208536446094513,0.510552704334259,-0.46105673909187319,0.725784182548523]},{"Name":"Right Arm","CFrame":[-0.21059395372867585,-0.21198464930057527,0.21095889806747437,0.6424328684806824,-0.7277671098709106,-0.2400730401277542,0.4821610450744629,0.14035958051681519,0.8647658228874207,-0.5956515669822693,-0.6713078618049622,0.44107258319854739]},{"Name":"Right Leg","CFrame":[0.5664911270141602,0.301025390625,0.21074485778808595,0.9417577385902405,0.17855693399906159,-0.2849734127521515,-0.20689961314201356,0.9756789803504944,-0.07241017371416092,0.26511332392692568,0.1271536946296692,0.955796480178833]},{"Name":"Head","CFrame":[5.494803190231323e-8,8.381903171539307e-8,0.01666247844696045,0.43151238560676577,0.9020920395851135,-0.0052053737454116348,-0.900440514087677,0.4310586452484131,0.05826885625720024,0.05480767786502838,-0.020456587895751,0.9982873797416687]},{"Name":"Left Arm","CFrame":[0.10582283139228821,-0.4454211890697479,-0.0470028817653656,0.6583750247955322,-0.12059727311134339,0.7429661154747009,-0.300266295671463,0.8630565404891968,0.4061692953109741,-0.6902046799659729,-0.49049949645996096,0.5320035815238953]},{"Name":"Handle","CFrame":[0.4847085773944855,-0.04577720910310745,-0.04229527711868286,-0.9592574834823608,-0.08634175360202789,-0.26901814341545107,-0.029147859662771226,0.9773229360580444,-0.2097386121749878,0.28102681040763857,-0.19335198402404786,-0.9400210380554199]},{"Name":"Circle.001","CFrame":[0,0,0,1,0,0,0,1,0,0,0,1]}]},{"Time":0.01666666753590107,"Poses":[{"Name":"HumanoidRootPart","CFrame":[0,0,0,1,0,0,0,1,0,0,0,1]},{"Name":"Torso","CFrame":[0.017338335514068605,-0.23553484678268434,-0.5823607444763184,0.49169355630874636,-0.7779449820518494,0.3912023603916168,0.8568114042282105,0.5123529434204102,-0.05804218351840973,-0.15528006851673127,0.36372557282447817,0.9184725284576416]},{"Name":"Left Leg","CFrame":[-0.8202285766601563,0.6991527080535889,-0.6970877647399902,0.8834537863731384,0.03729401156306267,-0.4670318365097046,0.16518063843250276,0.9080271124839783,0.38497063517570498,0.43843451142311098,-0.4172482490539551,0.7960396409034729]},{"Name":"Right Arm","CFrame":[-0.262842059135437,-0.2590494751930237,0.1829695701599121,0.5732942223548889,-0.8065098524093628,-0.14448358118534089,0.5328065752983093,0.23299561440944673,0.8135295510292053,-0.6224555373191834,-0.5433736443519592,0.5632888674736023]},{"Name":"Right Leg","CFrame":[0.6299998164176941,0.12161421775817871,0.12138992547988892,0.9676350355148315,0.2184320092201233,-0.12637212872505189,-0.24157318472862245,0.9465885162353516,-0.2135712206363678,0.07297175377607346,0.2371871918439865,0.968719482421875]},{"Name":"Head","CFrame":[1.4528632164001466e-7,1.7136335372924806e-7,0.016662508249282838,0.5664963722229004,0.8234864473342896,-0.03085394948720932,-0.8207353353500366,0.5671743750572205,0.06860611587762833,0.07399573922157288,-0.013542132452130318,0.997166633605957]},{"Name":"Left Arm","CFrame":[0.12497776746749878,-0.5206927061080933,-0.026302576065063478,0.6803967356681824,-0.2055625468492508,0.7034233212471008,-0.2676251232624054,0.8238645792007446,0.49962368607521059,-0.6822294592857361,-0.5281962752342224,0.5055412650108337]},{"Name":"Handle","CFrame":[0.4847087264060974,-0.04577719792723656,-0.04229529947042465,-0.9475352764129639,-0.08634176850318909,-0.3077707588672638,-0.020602084696292878,0.9773229360580444,-0.2107497602701187,0.3189879357814789,-0.19335202872753144,-0.9278267621994019]},{"Name":"Circle.001","CFrame":[0,0,0,1,0,0,0,1,0,0,0,1]}]},{"Time":0.03333333507180214,"Poses":[{"Name":"HumanoidRootPart","CFrame":[0,0,0,1,0,0,0,1,0,0,0,1]},{"Name":"Torso","CFrame":[0.027647405862808229,-0.19784368574619294,-0.5852698683738709,0.653791606426239,-0.6396821141242981,0.40418243408203127,0.7006776928901672,0.7134655117988586,-0.004220899660140276,-0.2856701612472534,0.28596121072769167,0.9146687388420105]},{"Name":"Left Leg","CFrame":[-0.812623143196106,0.7717999219894409,-0.5601568222045898,0.9462589025497437,0.007504813373088837,-0.3233233392238617,0.11884838342666626,0.9217096567153931,0.36922401189804079,0.3007809817790985,-0.3878079354763031,0.8712839484214783]},{"Name":"Right Arm","CFrame":[-0.31003180146217348,-0.30041396617889407,0.16083168983459474,0.5083379149436951,-0.8602170348167419,-0.04024171084165573,0.5848098397254944,0.3105317950248718,0.7493781447410584,-0.6321313381195068,-0.4044710099697113,0.6609184145927429]},{"Name":"Right Leg","CFrame":[0.5803486108779907,-0.10664921998977661,0.007337808609008789,0.9506452083587647,0.30921441316604617,-0.025694211944937707,-0.29743555188179018,0.8845818638801575,-0.3592313826084137,-0.08835090696811676,0.3491438329219818,0.9328948259353638]},{"Name":"Head","CFrame":[-2.60770320892334e-8,-1.1641532182693482e-7,0.016662299633026124,0.7452355027198792,0.660007655620575,-0.09494183212518692,-0.6605756282806397,0.7501670122146606,0.02982383221387863,0.09090620279312134,0.040490418672561648,0.9950360655784607]},{"Name":"Left Arm","CFrame":[0.13675081729888917,-0.590935230255127,0.02984410524368286,0.7271310687065125,-0.2855290174484253,0.6243026852607727,-0.26386889815330508,0.7232959270477295,0.638134777545929,-0.6337615251541138,-0.6287417411804199,0.45058882236480715]},{"Name":"Handle","CFrame":[0.4847084581851959,-0.04577720910310745,-0.04229526221752167,-0.9362192153930664,-0.08634175360202789,-0.34064507484436037,-0.013235975056886673,0.9773229360580444,-0.21134023368358613,0.3511677384376526,-0.19335196912288667,-0.9161313772201538]},{"Name":"Circle.001","CFrame":[0,0,0,1,0,0,0,1,0,0,0,1]}]},{"Time":0.05000000074505806,"Poses":[{"Name":"HumanoidRootPart","CFrame":[0,0,0,1,0,0,0,1,0,0,0,1]},{"Name":"Torso","CFrame":[0.0400635227560997,-0.12827003002166749,-0.5942764282226563,0.8141553997993469,-0.401326447725296,0.41962864995002749,0.4037735164165497,0.9106603860855103,0.08754821866750717,-0.4172745943069458,0.09815705567598343,0.9034639596939087]},{"Name":"Left Leg","CFrame":[-0.8149006366729736,0.7892232537269592,-0.4054205119609833,0.9892526865005493,-0.10079651325941086,-0.10592155903577805,0.13576549291610719,0.9021686911582947,0.40946242213249209,0.05428670346736908,-0.4194422662258148,0.906157374382019]},{"Name":"Right Arm","CFrame":[-0.3519827723503113,-0.3356233239173889,0.1428220272064209,0.4540049135684967,-0.8888941407203674,0.06121157854795456,0.6328545808792114,0.37006592750549319,0.680107593536377,-0.6271958351135254,-0.2700343132019043,0.7305524349212647]},{"Name":"Right Leg","CFrame":[0.3792000710964203,-0.27724725008010867,-0.08968901634216309,0.8909661173820496,0.4537268280982971,0.017649434506893159,-0.40114331245422366,0.8047317862510681,-0.4375968873500824,-0.21275243163108827,0.3828039765357971,0.8989980816841126]},{"Name":"Head","CFrame":[2.0116567611694337e-7,3.725290298461914e-9,0.0166623592376709,0.9214001297950745,0.35658878087997439,-0.1544872224330902,-0.37155428528785708,0.924843966960907,-0.08130867034196854,0.11388273537158966,0.13231824338436128,0.9846434593200684]},{"Name":"Left Arm","CFrame":[0.14113998413085938,-0.6282728314399719,0.14001703262329102,0.8199949860572815,-0.32896682620048525,0.46838998794555666,-0.27246424555778506,0.49532127380371096,0.8248757719993591,-0.5033603310585022,-0.8040134906768799,0.3165292739868164]},{"Name":"Handle","CFrame":[0.48470842838287356,-0.045777205377817157,-0.04229525476694107,-0.9267622828483582,-0.0863417387008667,-0.36559125781059267,-0.00757235661149025,0.9773229360580444,-0.2116188406944275,0.37557223439216616,-0.19335195422172547,-0.9063999056816101]},{"Name":"Circle.001","CFrame":[0,0,0,1,0,0,0,1,0,0,0,1]}]},{"Time":0.06666667014360428,"Poses":[{"Name":"HumanoidRootPart","CFrame":[0,0,0,1,0,0,0,1,0,0,0,1]},{"Name":"Torso","CFrame":[0.07267961651086807,-0.018870621919631959,-0.6309099197387695,0.8874698877334595,-0.03482465073466301,0.45954808592796328,-0.07937897741794586,0.9706885814666748,0.2268540859222412,-0.45397818088531496,-0.2378046214580536,0.8586925268173218]},{"Name":"Left Leg","CFrame":[-0.8746330738067627,0.6649726629257202,-0.20991545915603639,0.903171181678772,-0.41114136576652529,0.12346950173377991,0.28452181816101076,0.7886878252029419,0.5449944138526917,-0.3214486539363861,-0.4570934772491455,0.8292987942695618]},{"Name":"Right Arm","CFrame":[-0.3886891007423401,-0.36408451199531557,0.12723404169082642,0.41457489132881167,-0.8976332545280457,0.14960697293281556,0.6726256012916565,0.41299086809158327,0.6140140295028687,-0.6129458546638489,-0.15392552316188813,0.774986743927002]},{"Name":"Right Leg","CFrame":[0.22388887405395509,-0.287484347820282,-0.10060733556747437,0.735494077205658,0.6713752150535584,0.09112594276666641,-0.5990064144134522,0.7071929574012756,-0.375592440366745,-0.3166070282459259,0.22166094183921815,0.9222941994667053]},{"Name":"Head","CFrame":[-2.2351741790771486e-8,-1.9371509552001954e-7,0.016662120819091798,0.9826970100402832,-0.11823030561208725,-0.1425771266222,0.07331138849258423,0.9551856517791748,-0.286785364151001,0.1700943410396576,0.27137047052383425,0.9473257660865784]},{"Name":"Left Arm","CFrame":[-0.05791354924440384,-0.3762902021408081,0.36374661326408389,0.9707656502723694,0.16042102873325349,0.17854781448841096,-0.1823282688856125,0.009041892364621163,0.9831961989402771,0.15611088275909425,-0.9870073199272156,0.03802691400051117]},{"Name":"Handle","CFrame":[0.4847082793712616,-0.04577721655368805,-0.04229527711868286,-0.9204767346382141,-0.0863417461514473,-0.38113996386528017,-0.004009023308753967,0.9773229360580444,-0.21171632409095765,0.39077678322792055,-0.19335195422172547,-0.8999491333961487]},{"Name":"Circle.001","CFrame":[0,0,0,1,0,0,0,1,0,0,0,1]}]},{"Time":0.0833333358168602,"Poses":[{"Name":"HumanoidRootPart","CFrame":[0,0,0,1,0,0,0,1,0,0,0,1]},{"Name":"Torso","CFrame":[0.14771880209445954,0.08588030934333801,-0.7176201343536377,0.7458009719848633,0.3744509816169739,0.5509696006774902,-0.6170855760574341,0.6999136209487915,0.3596198260784149,-0.2509710490703583,-0.6082001328468323,0.7530645728111267]},{"Name":"Left Leg","CFrame":[-0.7706518769264221,0.31353306770324709,0.13314470648765565,0.5471704602241516,-0.8111554384231567,0.20647335052490235,0.5014458894729614,0.5151816606521606,0.6950827836990356,-0.6701914668083191,-0.27679353952407839,0.6886427402496338]},{"Name":"Right Arm","CFrame":[-0.4202384352684021,-0.3851059675216675,0.11246523261070252,0.3920246660709381,-0.893843412399292,0.21762467920780183,0.7013481855392456,0.4434732496738434,0.558070182800293,-0.5953381061553955,-0.0661465972661972,0.8007479310035706]},{"Name":"Right Leg","CFrame":[0.4425313472747803,-0.3584039509296417,-0.19848547875881196,0.39886584877967837,0.8417627215385437,0.363787978887558,-0.8620448708534241,0.47947150468826296,-0.16427390277385713,-0.3127055764198303,-0.24807816743850709,0.9168819785118103]},{"Name":"Head","CFrame":[1.0989606380462647e-7,1.341104507446289e-7,0.016662240028381349,0.7829001545906067,-0.6212352514266968,0.033678315579891208,0.5527289509773254,0.6696767210960388,-0.4960077702999115,0.2855839431285858,0.40693962574005129,0.8676648139953613]},{"Name":"Left Arm","CFrame":[-0.526802659034729,-0.11549142003059387,0.5284537076950073,0.7065436840057373,0.6884547472000122,0.16378696262836457,0.009233319200575352,-0.24039454758167268,0.9706313610076904,0.7076091170310974,-0.6842811703681946,-0.1762058138847351]},{"Name":"Handle","CFrame":[0.4847082793712616,-0.04577720910310745,-0.04229526221752167,-0.9182731509208679,-0.08634179830551148,-0.386418879032135,-0.0027932822704315187,0.9773229956626892,-0.21173588931560517,0.3959377408027649,-0.19335196912288667,-0.8976906538009644]},{"Name":"Circle.001","CFrame":[0,0,0,1,0,0,0,1,0,0,0,1]}]},{"Time":0.10000000149011612,"Poses":[{"Name":"HumanoidRootPart","CFrame":[0,0,0,1,0,0,0,1,0,0,0,1]},{"Name":"Torso","CFrame":[0.24219125509262086,0.12135222554206848,-0.8228062987327576,0.41414663195610049,0.6204723715782166,0.6659554243087769,-0.8986920714378357,0.1627155989408493,0.40727904438972475,0.14434409141540528,-0.7671622037887573,0.6250017285346985]},{"Name":"Left Leg","CFrame":[-0.245405912399292,0.04291898012161255,0.24539560079574586,0.16847428679466248,-0.9607434272766113,0.22042830288410188,0.6773636937141419,0.2753004729747772,0.6821934580802918,-0.7160969972610474,0.03437810018658638,0.6971538066864014]},{"Name":"Right Arm","CFrame":[-0.4467196464538574,-0.39795982837677,0.09703388810157776,0.3868669867515564,-0.8844776153564453,0.26083216071128847,0.7174793481826782,0.46640098094940188,0.5173909068107605,-0.5792731046676636,-0.013019886799156666,0.8150296211242676]},{"Name":"Right Leg","CFrame":[0.6707640886306763,-0.3990394175052643,-0.44768694043159487,0.25250673294067385,0.62401282787323,0.7394919991493225,-0.9551525115966797,0.28291985392570498,0.08740699291229248,-0.15467384457588197,-0.7283985614776611,0.6674665808677673]},{"Name":"Head","CFrame":[5.960464477539063e-8,-1.7881393432617188e-7,0.016662150621414186,0.3826051354408264,-0.8654809594154358,0.32335132360458376,0.8254947066307068,0.16305039823055268,-0.5403454899787903,0.4149360656738281,0.47366368770599368,0.7768338322639465]},{"Name":"Left Arm","CFrame":[-1.026979923248291,-0.23034077882766725,0.47714492678642275,0.6513068675994873,0.7401279807090759,0.16736140847206117,-0.09180420637130737,-0.1420796513557434,0.9855889081954956,0.7532405853271484,-0.6572852730751038,-0.024590536952018739]},{"Name":"Handle","CFrame":[0.48470839858055117,-0.04577720910310745,-0.04229528456926346,-0.9448723793029785,-0.06876082718372345,-0.32013800740242007,-0.013996550813317299,0.9852901697158814,-0.17031535506248475,0.32713988423347475,-0.15644541382789613,-0.9319359064102173]},{"Name":"Circle.001","CFrame":[0,0,0,1,0,0,0,1,0,0,0,1]}]},{"Time":0.11666666716337204,"Poses":[{"Name":"HumanoidRootPart","CFrame":[0,0,0,1,0,0,0,1,0,0,0,1]},{"Name":"Torso","CFrame":[0.3072497248649597,0.10193084180355072,-0.8901998996734619,0.08887236565351486,0.6609675884246826,0.7451332211494446,-0.864473283290863,-0.32041239738464358,0.3873266279697418,0.4947603642940521,-0.6785703897476196,0.542913019657135]},{"Name":"Left Leg","CFrame":[0.1393876075744629,0.03391999006271362,0.020516633987426759,0.1514822393655777,-0.8980752825737,0.4129335284233093,0.8509301543235779,0.3310489356517792,0.407828688621521,-0.5029622316360474,0.2895987629890442,0.814347505569458]},{"Name":"Right Arm","CFrame":[-0.4681544601917267,-0.4019451141357422,0.07953447103500366,0.39925625920295718,-0.8741382360458374,0.27654457092285159,0.7199900150299072,0.48567572236061098,0.4957149028778076,-0.5676344037055969,0.0011920477263629437,0.8232799172401428]},{"Name":"Right Leg","CFrame":[0.7556570768356323,-0.38445764780044558,-0.7189185619354248,0.31841155886650088,0.3023415207862854,0.898445188999176,-0.9468601942062378,0.14692699909210206,0.28612634539604189,-0.04549797624349594,-0.9418078660964966,0.3330584168434143]},{"Name":"Head","CFrame":[7.450580596923828e-8,-2.2351741790771485e-7,0.016662031412124635,0.08278590440750122,-0.8647180795669556,0.49538782238960268,0.9105386137962341,-0.13640965521335603,-0.39027154445648196,0.40505045652389529,0.4833787977695465,0.7760664224624634]},{"Name":"Left Arm","CFrame":[-1.256670594215393,-0.3421649932861328,0.3329351544380188,0.5794951319694519,0.8085525631904602,0.10211790353059769,-0.23089975118637086,0.04272136464715004,0.9720392227172852,0.7815821766853333,-0.5868711471557617,0.21145151555538178]},{"Name":"Handle","CFrame":[0.4847082793712616,-0.045777224004268649,-0.04229526221752167,-0.966383695602417,-0.05391189083456993,-0.2513882517814636,-0.022049419581890107,0.9915445446968079,-0.12788088619709016,0.25615695118904116,-0.11803901195526123,-0.9594011902809143]},{"Name":"Circle.001","CFrame":[0,0,0,1,0,0,0,1,0,0,0,1]}]},{"Time":0.13333334028720857,"Poses":[{"Name":"HumanoidRootPart","CFrame":[0,0,0,1,0,0,0,1,0,0,0,1]},{"Name":"Torso","CFrame":[0.3298170566558838,0.08219662308692932,-0.9100401997566223,-0.13707335293293,0.6198984980583191,0.7726168632507324,-0.7014956474304199,-0.6114386320114136,0.36612382531166079,0.6993674039840698,-0.49180153012275698,0.5186681747436523]},{"Name":"Left Leg","CFrame":[0.310625821352005,0.1070810854434967,-0.12775367498397828,0.2795485854148865,-0.7395256161689758,0.6123354434967041,0.8675684928894043,0.46777117252349856,0.16886354982852937,-0.41131192445755007,0.4840371608734131,0.7723538875579834]},{"Name":"Right Arm","CFrame":[-0.4843520522117615,-0.39687541127204897,0.058922380208969119,0.44365718960762026,-0.853792130947113,0.27241051197052,0.7001217603683472,0.5199445486068726,0.48937416076660159,-0.5594620704650879,-0.02639388106763363,0.8284356594085693]},{"Name":"Right Leg","CFrame":[0.7165899276733398,-0.33542340993881228,-0.9375884532928467,0.41563519835472109,0.006341069005429745,0.9095094203948975,-0.9068958163261414,0.07896091789007187,0.41389018297195437,-0.06919132173061371,-0.9968575239181519,0.038569699972867969]},{"Name":"Head","CFrame":[-8.940696716308594e-8,-7.450580596923828e-8,0.01666232943534851,-0.018853263929486276,-0.889843225479126,0.45587679743766787,0.975813090801239,-0.11569815874099732,-0.1854802519083023,0.21779243648052216,0.4413537085056305,0.8705018162727356]},{"Name":"Left Arm","CFrame":[-1.1430695056915284,-0.3357757329940796,0.13921678066253663,0.29763686656951907,0.9478988647460938,0.11357834935188294,-0.38818076252937319,0.011470782570540905,0.9215120077133179,0.8721972107887268,-0.31836479902267458,0.3713700771331787]},{"Name":"Handle","CFrame":[0.48470842838287356,-0.04577721655368805,-0.042295269668102267,-0.9624750018119812,-0.0014718081802129746,-0.2713668942451477,0.033377014100551608,0.9917507171630859,-0.123759426176548,0.26931047439575198,-0.12817275524139405,-0.9544861912727356]},{"Name":"Circle.001","CFrame":[0,0,0,1,0,0,0,1,0,0,0,1]}]},{"Time":0.15000000596046449,"Poses":[{"Name":"HumanoidRootPart","CFrame":[0,0,0,1,0,0,0,1,0,0,0,1]},{"Name":"Torso","CFrame":[0.3173763155937195,0.08924663066864014,-0.8979912996292114,-0.28631508350372317,0.5866825580596924,0.7575139403343201,-0.5423890948295593,-0.750981330871582,0.3766181766986847,0.7898340821266174,-0.3030358552932739,0.5332273244857788]},{"Name":"Left Leg","CFrame":[0.37520426511764529,0.08592045307159424,-0.18605470657348634,0.22876937687397004,-0.6269556283950806,0.744708776473999,0.8743856549263,0.46861135959625246,0.12590937316417695,-0.4279184937477112,0.6223585605621338,0.6554050445556641]},{"Name":"Right Arm","CFrame":[-0.49553364515304568,-0.3842581510543823,0.035708487033843997,0.5236148834228516,-0.8114562034606934,0.25955015420913699,0.6516405344009399,0.5777124762535095,0.49154144525527956,-0.5488096475601196,-0.08824528008699417,0.8312765955924988]},{"Name":"Right Leg","CFrame":[0.5768184065818787,-0.2505313754081726,-1.093198299407959,0.43351900577545168,-0.2975068688392639,0.8506179451942444,-0.8701608180999756,0.10718852281570435,0.480968713760376,-0.23426783084869386,-0.948683500289917,-0.21241064369678498]},{"Name":"Head","CFrame":[-1.4901161193847657e-8,1.3597309589385987e-7,0.016662180423736573,0.0013030171394348145,-0.9476221203804016,0.31939107179641726,0.9998209476470947,0.007264598272740841,0.017475351691246034,-0.018880218267440797,0.3193109929561615,0.9474619030952454]},{"Name":"Left Arm","CFrame":[-1.0334746837615967,-0.3295941650867462,0.02540227770805359,-0.09051644057035446,0.9775159955024719,0.19044475257396699,-0.40115606784820559,-0.2108175903558731,0.8914201259613037,0.9115265607833862,0.004290089942514896,0.41121891140937807]},{"Name":"Handle","CFrame":[0.48470833897590639,-0.04577723518013954,-0.042295269668102267,-0.9345778822898865,0.14377862215042115,-0.32541054487228396,0.18722295761108399,0.9765572547912598,-0.10622383654117584,0.3025093078613281,-0.16019876301288606,-0.939587414264679]},{"Name":"Circle.001","CFrame":[0,0,0,1,0,0,0,1,0,0,0,1]}]},{"Time":0.1666666716337204,"Poses":[{"Name":"HumanoidRootPart","CFrame":[0,0,0,1,0,0,0,1,0,0,0,1]},{"Name":"Torso","CFrame":[0.2720848321914673,0.12820957601070405,-0.8669964075088501,-0.3968402147293091,0.590818464756012,0.7024610042572022,-0.4319121539592743,-0.7954767346382141,0.42505159974098208,0.8099196553230286,-0.13472388684749604,0.5708587169647217]},{"Name":"Left Leg","CFrame":[0.4141359329223633,0.04693034291267395,-0.22934377193450929,0.2613469362258911,-0.5079992413520813,0.8207525014877319,0.8542274236679077,0.5176430344581604,0.048385586589574817,-0.44943660497665408,0.6884638071060181,0.5692312121391296]},{"Name":"Right Arm","CFrame":[-0.5022463798522949,-0.36601364612579348,0.010844290256500245,0.6227272748947144,-0.7442833781242371,0.24135681986808778,0.5768377184867859,0.6451189517974854,0.5010786652565002,-0.5286482572555542,-0.17281167209148408,0.8310638666152954]},{"Name":"Right Leg","CFrame":[0.4735349714756012,-0.12180089950561524,-1.1408098936080933,0.45354053378105166,-0.5004526376724243,0.7374607920646668,-0.8009805083274841,0.13395801186561585,0.5835112929344177,-0.39080849289894106,-0.8553376197814941,-0.34009745717048647]},{"Name":"Head","CFrame":[1.7136335372924806e-7,7.450580596923828e-9,0.01666221022605896,0.004221320152282715,-0.9748451113700867,0.22284364700317384,0.9808505773544312,0.047428615391254428,0.18889907002449037,-0.1947164535522461,0.21777883172035218,0.9563775658607483]},{"Name":"Left Arm","CFrame":[-1.0386940240859986,-0.32666897773742678,0.0063137635588645939,-0.31970569491386416,0.887447714805603,0.33200129866600039,-0.28172364830970766,-0.42357581853866579,0.8609386682510376,0.9046658277511597,0.18171426653862,0.3854345679283142]},{"Name":"Handle","CFrame":[0.4847082793712616,-0.04577721282839775,-0.04229527711868286,-0.851610004901886,0.3431805372238159,-0.396216481924057,0.39927154779434206,0.9144442677497864,-0.06613605469465256,0.33962127566337588,-0.21452009677886964,-0.9157720804214478]},{"Name":"Circle.001","CFrame":[0,0,0,1,0,0,0,1,0,0,0,1]}]},{"Time":0.18333333730697633,"Poses":[{"Name":"HumanoidRootPart","CFrame":[0,0,0,1,0,0,0,1,0,0,0,1]},{"Name":"Torso","CFrame":[0.17393526434898377,0.18264397978782655,-0.8045651912689209,-0.5110388398170471,0.631493091583252,0.5831431150436401,-0.3968685269355774,-0.7751287221908569,0.49160036444664,0.7624531388282776,0.01979568414390087,0.6467404961585999]},{"Name":"Left Leg","CFrame":[0.43323835730552676,-0.00012600421905517578,-0.25604701042175295,0.35155317187309267,-0.38435468077659609,0.8536285758018494,0.7826394438743591,0.6210089921951294,-0.04270195960998535,-0.5136982202529907,0.683095395565033,0.5191289186477661]},{"Name":"Right Arm","CFrame":[-0.505176305770874,-0.344066321849823,-0.014665186405181885,0.7236331701278687,-0.6536355018615723,0.2216203212738037,0.48152485489845278,0.7081683278083801,0.5163635611534119,-0.49445807933807375,-0.26694244146347048,0.8271958827972412]},{"Name":"Right Leg","CFrame":[0.39574992656707766,0.06702178716659546,-1.1161997318267823,0.47449788451194765,-0.6414070129394531,0.6028671860694885,-0.666039228439331,0.18618573248386384,0.7223066091537476,-0.5755376815795898,-0.7442660927772522,-0.33885762095451357]},{"Name":"Head","CFrame":[6.258487701416016e-7,-1.1920928955078126e-7,0.016662031412124635,-0.017586154863238336,-0.9830817580223084,0.18232156336307527,0.9492048025131226,0.04088152199983597,0.31199169158935549,-0.31416693329811098,0.1785469800233841,0.932426929473877]},{"Name":"Left Arm","CFrame":[-1.046839714050293,-0.3256365656852722,-0.003327980637550354,-0.4048839211463928,0.7816162109375,0.4744943678379059,-0.138234943151474,-0.5652909278869629,0.8132264614105225,0.9038584232330322,0.2636706531047821,0.3369240164756775]},{"Name":"Handle","CFrame":[0.484708696603775,-0.045777350664138797,-0.04229527711868286,-0.7056403756141663,0.5384125113487244,-0.4606347680091858,0.6081127524375916,0.7938421964645386,-0.0036778151988983156,0.36369115114212038,-0.28271305561065676,-0.8875826001167297]},{"Name":"Circle.001","CFrame":[0,0,0,1,0,0,0,1,0,0,0,1]}]},{"Time":0.20000000298023225,"Poses":[{"Name":"HumanoidRootPart","CFrame":[0,0,0,1,0,0,0,1,0,0,0,1]},{"Name":"Torso","CFrame":[0.07617717981338501,0.20434671640396119,-0.7456395626068115,-0.5815346837043762,0.6680148839950562,0.4642990231513977,-0.4334528148174286,-0.7373975515365601,0.5180382132530212,0.6884302496910095,0.10000549256801605,0.7183751463890076]},{"Name":"Left Leg","CFrame":[0.4307385981082916,-0.02870655059814453,-0.25310420989990237,0.43685799837112429,-0.3124871551990509,0.843508780002594,0.6946566700935364,0.7129544615745544,-0.09564480930566788,-0.5714957118034363,0.6277322173118591,0.5285311341285706]},{"Name":"Right Arm","CFrame":[-0.5052808523178101,-0.3202266991138458,-0.03978276252746582,0.8105443120002747,-0.54903244972229,0.2039155215024948,0.37762874364852908,0.7560497522354126,0.5345889329910278,-0.4476769268512726,-0.3563036024570465,0.8201422095298767]},{"Name":"Right Leg","CFrame":[0.35980507731437685,0.21463897824287415,-1.0504533052444459,0.4899723529815674,-0.69697505235672,0.5235962271690369,-0.5185856819152832,0.24975213408470155,0.8177363276481628,-0.7007111310958862,-0.672197699546814,-0.23906965553760529]},{"Name":"Head","CFrame":[-3.129243850708008e-7,1.043081283569336e-7,0.016662031412124635,0.029494665563106538,-0.9785326719284058,0.20397068560123444,0.9391080141067505,0.09701863676309586,0.32964178919792178,-0.3423541486263275,0.18182800710201264,0.9218093156814575]},{"Name":"Left Arm","CFrame":[-1.0554143190383912,-0.32517966628074648,-0.006298258900642395,-0.41410329937934878,0.7070940136909485,0.5731810927391052,-0.021796727553009988,-0.6372329592704773,0.7703630924224854,0.9099689722061157,0.30651652812957766,0.27929240465164187]},{"Name":"Handle","CFrame":[0.4847082495689392,-0.045777224004268649,-0.042295247316360477,-0.5332716107368469,0.6805171966552734,-0.5025113821029663,0.7613766193389893,0.6449937224388123,0.06548865139484406,0.368682861328125,-0.34767717123031618,-0.8620867729187012]},{"Name":"Circle.001","CFrame":[0,0,0,1,0,0,0,1,0,0,0,1]}]},{"Time":0.21666666865348817,"Poses":[{"Name":"HumanoidRootPart","CFrame":[0,0,0,1,0,0,0,1,0,0,0,1]},{"Name":"Torso","CFrame":[0.022808536887168886,0.1932329535484314,-0.7069163918495178,-0.5937604904174805,0.6985081434249878,0.3994181156158447,-0.4937984347343445,-0.7082467079162598,0.5045292377471924,0.63530433177948,0.10233747214078903,0.765451192855835]},{"Name":"Left Leg","CFrame":[0.4158145785331726,-0.03613734245300293,-0.22964346408843995,0.5017086863517761,-0.30418625473976138,0.8097895979881287,0.6365883946418762,0.7636691331863403,-0.10753951966762543,-0.5856993198394775,0.5694562196731567,0.5767808556556702]},{"Name":"Right Arm","CFrame":[-0.5037726163864136,-0.29607442021369936,-0.06353676319122315,0.8734825849533081,-0.4479703903198242,0.19065864384174348,0.28201863169670107,0.7847846746444702,0.5518862009048462,-0.3968547582626343,-0.4282938838005066,0.8118318319320679]},{"Name":"Right Leg","CFrame":[0.3735276460647583,0.2850741744041443,-1.0065559148788453,0.5302628874778748,-0.6785392761230469,0.5083364248275757,-0.42264047265052798,0.30821216106414797,0.8522794842720032,-0.7349805235862732,-0.6667757630348206,-0.12334468215703964]},{"Name":"Head","CFrame":[7.450580596923828e-8,-7.450580596923828e-9,0.01666194200515747,0.11139315366744995,-0.9520594477653503,0.284911185503006,0.9518811702728272,0.18458399176597596,0.24464450776576997,-0.2855061888694763,0.24394983053207398,0.9268088936805725]},{"Name":"Left Arm","CFrame":[-1.0626720190048218,-0.32394859194755556,-0.006181567907333374,-0.41354405879974368,0.6899815797805786,0.5940595269203186,0.042480748146772388,-0.637133002281189,0.7695823907852173,0.909492552280426,0.34349241852760317,0.23417167365550996]},{"Name":"Handle","CFrame":[0.48470866680145266,-0.04577741399407387,-0.04229527711868286,-0.39625686407089236,0.7558335065841675,-0.5212454795837402,0.8434727191925049,0.5239349603652954,0.11851640045642853,0.3626774549484253,-0.39269334077835085,-0.8451377749443054]},{"Name":"Circle.001","CFrame":[0,0,0,1,0,0,0,1,0,0,0,1]}]},{"Time":0.23333333432674409,"Poses":[{"Name":"HumanoidRootPart","CFrame":[0,0,0,1,0,0,0,1,0,0,0,1]},{"Name":"Torso","CFrame":[-0.023098379373550416,0.17697684466838838,-0.6749438047409058,-0.5906078219413757,0.7301478981971741,0.34360823035240176,-0.5543447136878967,-0.6765356063842773,0.48476967215538027,0.5864166021347046,0.09583120048046112,0.804320752620697]},{"Name":"Left Leg","CFrame":[0.3977893888950348,-0.03877145051956177,-0.20416152477264405,0.5621232390403748,-0.30159685015678408,0.7701017260551453,0.5826956033706665,0.8052144050598145,-0.10998076945543289,-0.5869271159172058,0.5105576515197754,0.6283689737319946]},{"Name":"Right Arm","CFrame":[-0.5019850730895996,-0.2729395627975464,-0.08510172367095947,0.9101501703262329,-0.371841162443161,0.1826499104499817,0.2127632349729538,0.7978484630584717,0.5640652775764465,-0.3554697036743164,-0.47452306747436526,0.8052759170532227]},{"Name":"Right Leg","CFrame":[0.3939298391342163,0.34068354964256289,-0.962096631526947,0.5781062841415405,-0.6482522487640381,0.49554216861724856,-0.3373669683933258,0.36307474970817568,0.8685392737388611,-0.7429513335227966,-0.6692875027656555,-0.008803277276456356]},{"Name":"Head","CFrame":[3.725290298461914e-7,1.9371509552001954e-7,0.016662031412124635,0.19923467934131623,-0.918043851852417,0.34278449416160586,0.9537332653999329,0.26202699542045596,0.14742685854434968,-0.22516301274299622,0.2975521981716156,0.9277737140655518]},{"Name":"Left Arm","CFrame":[-1.0686169862747193,-0.32101017236709597,-0.005534529685974121,-0.45151832699775698,0.7099988460540772,0.540400505065918,0.07630863785743714,-0.572706401348114,0.8162012696266174,0.8889928460121155,0.40976715087890627,0.20440848171710969]},{"Name":"Handle","CFrame":[0.484708309173584,-0.045777224004268649,-0.04229526221752167,-0.3446196913719177,0.7776844501495361,-0.525779664516449,0.8675158619880676,0.4778362512588501,0.1381620317697525,0.3586830198764801,-0.408508837223053,-0.8393254280090332]},{"Name":"Circle.001","CFrame":[0,0,0,1,0,0,0,1,0,0,0,1]}]},{"Time":0.25,"Poses":[{"Name":"HumanoidRootPart","CFrame":[0,0,0,1,0,0,0,1,0,0,0,1]},{"Name":"Torso","CFrame":[-0.061061546206474307,0.15690645575523377,-0.6485517024993897,-0.5752491354942322,0.7619766592979431,0.2974560558795929,-0.6127640008926392,-0.6423203945159912,0.46037450432777407,0.5418567657470703,0.08255967497825623,0.8364061713218689]},{"Name":"Left Leg","CFrame":[0.21223899722099305,-0.16856074333190919,-0.02232307195663452,0.5700703859329224,-0.384996622800827,0.7258080840110779,0.6445301175117493,0.7574073672294617,-0.10447435081005097,-0.509510338306427,0.5273630023002625,0.6799173951148987]},{"Name":"Right Arm","CFrame":[-0.501218318939209,-0.252037912607193,-0.10376060009002686,0.9226362705230713,-0.3412226736545563,0.17974840104579926,0.18618376553058625,0.802232563495636,0.5672374963760376,-0.3377542793750763,-0.4898878335952759,0.8036990761756897]},{"Name":"Right Leg","CFrame":[0.4195079207420349,0.3845166563987732,-0.917742133140564,0.6304434537887573,-0.6078367233276367,0.48277923464775088,-0.26560673117637637,0.4154849350452423,0.8699570298194885,-0.7293792963027954,-0.6766881942749023,0.10049419105052948]},{"Name":"Head","CFrame":[8.940696716308594e-8,-4.0978193283081057e-8,0.01666221022605896,0.28343409299850466,-0.8915153741836548,0.35336336493492129,0.9415249824523926,0.3286978006362915,0.0740850567817688,-0.18219776451587678,0.3117021918296814,0.9325479865074158]},{"Name":"Left Arm","CFrame":[-1.0741512775421143,-0.31689855456352236,-0.004620760679244995,-0.5198621153831482,0.7258117198944092,0.4504894018173218,0.10328824818134308,-0.4700753688812256,0.8765619397163391,0.8479829430580139,0.5022217035293579,0.169406458735466]},{"Name":"Handle","CFrame":[0.4847085773944855,-0.04577738046646118,-0.04229527711868286,-0.34317243099212649,0.7747771739959717,-0.5309929847717285,0.8553389310836792,0.4913691282272339,0.16417008638381959,0.3881088197231293,-0.39784032106399538,-0.8313214778900147]},{"Name":"Circle.001","CFrame":[0,0,0,1,0,0,0,1,0,0,0,1]}]},{"Time":0.2666666805744171,"Poses":[{"Name":"HumanoidRootPart","CFrame":[0,0,0,1,0,0,0,1,0,0,0,1]},{"Name":"Torso","CFrame":[-0.09113185107707977,0.13442730903625489,-0.6268534660339356,-0.550714373588562,0.7928715348243713,0.26089948415756228,-0.6672767400741577,-0.6059769988059998,0.4330517053604126,0.5014533400535584,0.06439567357301712,0.8627849817276001]},{"Name":"Left Leg","CFrame":[0.09534803032875061,-0.1985112428665161,0.06702977418899536,0.5932148694992065,-0.4334356188774109,0.6784023642539978,0.6544321179389954,0.7504023313522339,-0.09281783550977707,-0.46884408593177798,0.4990291893482208,0.7288039326667786]},{"Name":"Right Arm","CFrame":[-0.5015103816986084,-0.2343076467514038,-0.11940276622772217,0.9220258593559265,-0.34172648191452029,0.18191035091876985,0.18745388090610505,0.8052350282669067,0.562545657157898,-0.33871734142303469,-0.4845818877220154,0.8065055012702942]},{"Name":"Right Leg","CFrame":[0.44859957695007326,0.41863054037094118,-0.8735858201980591,0.6838610768318176,-0.5592588782310486,0.4685763418674469,-0.20872832834720612,0.4654240906238556,0.8601238131523132,-0.6991184949874878,-0.6860101819038391,0.20155204832553864]},{"Name":"Head","CFrame":[3.5762786865234377e-7,-2.7939677238464357e-9,0.0166623592376709,0.3555806279182434,-0.8733186721801758,0.3329816460609436,0.9219533205032349,0.3862510621547699,0.028504107147455217,-0.15350767970085145,0.29685792326927187,0.9425023794174194]},{"Name":"Left Arm","CFrame":[-1.0790475606918336,-0.3123134672641754,-0.003846406936645508,-0.5926647782325745,0.7273163795471191,0.3460627496242523,0.11331477761268616,-0.3500877618789673,0.9298378229141235,0.7974385023117065,0.5902960896492004,0.12506893277168275]},{"Name":"Handle","CFrame":[0.4847082495689392,-0.04577724263072014,-0.04229530692100525,-0.3384900391101837,0.7674257755279541,-0.544501781463623,0.8191092014312744,0.5251142382621765,0.23090088367462159,0.46312496066093447,-0.3678487539291382,-0.8063514232635498]},{"Name":"Circle.001","CFrame":[0,0,0,1,0,0,0,1,0,0,0,1]}]},{"Time":0.28333333134651186,"Poses":[{"Name":"HumanoidRootPart","CFrame":[0,0,0,1,0,0,0,1,0,0,0,1]},{"Name":"Torso","CFrame":[-0.11377299576997757,0.11090581119060517,-0.6091740727424622,-0.5198541283607483,0.8217593431472778,0.2333739697933197,-0.7166235446929932,-0.5682085752487183,0.4044624865055084,0.46497586369514468,0.04302017018198967,0.8842775225639343]},{"Name":"Left Leg","CFrame":[-0.0048246830701828,-0.20331287384033204,0.12557822465896607,0.6152574419975281,-0.4745415449142456,0.6294986605644226,0.6570683717727661,0.7498986124992371,-0.07689963281154633,-0.4355680048465729,0.46093660593032839,0.7731869220733643]},{"Name":"Right Arm","CFrame":[-0.502036452293396,-0.21965575218200684,-0.132531076669693,0.9190914630889893,-0.3461300730705261,0.1883215308189392,0.19152449071407319,0.8100719451904297,0.5541677474975586,-0.3443680703639984,-0.4732626676559448,0.8108224868774414]},{"Name":"Right Leg","CFrame":[0.4792611598968506,0.4443133473396301,-0.8292081356048584,0.7350438237190247,-0.5050334930419922,0.4523845613002777,-0.16662350296974183,0.5122028589248657,0.8425467610359192,-0.6572269201278687,-0.6946865320205689,0.292341023683548]},{"Name":"Head","CFrame":[2.9802322387695315e-8,3.2188836485147479e-8,0.016661882400512697,0.4168838560581207,-0.8572442531585693,0.3022253215312958,0.8990386724472046,0.4378652572631836,0.0018621685449033976,-0.1339302659034729,0.27093586325645449,0.9532347917556763]},{"Name":"Left Arm","CFrame":[-1.0825693607330323,-0.30824631452560427,-0.0034450292587280275,-0.6466116905212402,0.720211386680603,0.2513740062713623,0.10694199800491333,-0.24069127440452577,0.9646922945976257,0.7552859783172607,0.6506637334823608,0.0786130279302597]},{"Name":"Handle","CFrame":[0.48470818996429446,-0.04577721655368805,-0.042295247316360477,-0.33096063137054446,0.7589227557182312,-0.5608040690422058,0.7659514546394348,0.5631693601608276,0.3100944459438324,0.5511654019355774,-0.32691964507102969,-0.7676849365234375]},{"Name":"Circle.001","CFrame":[0,0,0,1,0,0,0,1,0,0,0,1]}]},{"Time":0.30000001192092898,"Poses":[{"Name":"HumanoidRootPart","CFrame":[0,0,0,1,0,0,0,1,0,0,0,1]},{"Name":"Torso","CFrame":[-0.1297573447227478,0.08758596330881119,-0.5949793457984924,-0.4853131175041199,0.847761869430542,0.21394166350364686,-0.7600210905075073,-0.5300022959709168,0.376118928194046,0.43224892020225527,0.019935298711061479,0.9015339612960815]},{"Name":"Left Leg","CFrame":[-0.0937361866235733,-0.1971210241317749,0.1639692783355713,0.6338529586791992,-0.5108086466789246,0.5807797312736511,0.6583766937255859,0.7504086494445801,-0.05854004994034767,-0.4059194028377533,0.4194776117801666,0.8119533061981201]},{"Name":"Right Arm","CFrame":[-0.5027293562889099,-0.2078011929988861,-0.14334562420845033,0.9143089056015015,-0.35333630442619326,0.1979716569185257,0.19778215885162354,0.81606525182724,0.5430651307106018,-0.35344234108924868,-0.4573739469051361,0.8160193562507629]},{"Name":"Right Leg","CFrame":[0.5096986293792725,0.46246758103370669,-0.7850767374038696,0.7814979553222656,-0.4478152394294739,0.4344222843647003,-0.1381630152463913,0.5547888278961182,0.8204391002655029,-0.6084176898002625,-0.7011925578117371,0.3716948628425598]},{"Name":"Head","CFrame":[-8.940696716308594e-8,-5.4016709327697757e-8,0.01666244864463806,0.4690619707107544,-0.8381857872009277,0.27825430035591128,0.8752159476280212,0.48334306478500368,-0.019404221326112748,-0.118228018283844,0.2526344954967499,0.9603114724159241]},{"Name":"Left Arm","CFrame":[-1.0835437774658204,-0.30572736263275149,-0.003366321325302124,-0.6647151708602905,0.7230018377304077,0.18820717930793763,0.09382220357656479,-0.16913937032222749,0.9811163544654846,0.7411822080612183,0.66982102394104,0.04459576681256294]},{"Name":"Handle","CFrame":[0.48470860719680788,-0.04577743262052536,-0.04229530692100525,-0.3235129415988922,0.7525755763053894,-0.5735591650009155,0.7165417075157166,0.5907328128814697,0.3709486126899719,0.6179870367050171,-0.29097241163253786,-0.7303615212440491]},{"Name":"Circle.001","CFrame":[0,0,0,1,0,0,0,1,0,0,0,1]}]},{"Time":0.3166666626930237,"Poses":[{"Name":"HumanoidRootPart","CFrame":[0,0,0,1,0,0,0,1,0,0,0,1]},{"Name":"Torso","CFrame":[-0.14006635546684266,0.0655345618724823,-0.5838186740875244,-0.4495072364807129,0.870274543762207,0.20140892267227174,-0.7970993518829346,-0.4925544559955597,0.3493175208568573,0.4032069742679596,-0.0035221714060753586,0.9151021242141724]},{"Name":"Left Leg","CFrame":[-0.17221149802207948,-0.18631017208099366,0.18759506940841676,0.6485278606414795,-0.5425248146057129,0.5339275002479553,0.6600157618522644,0.75021892786026,-0.039380330592393878,-0.37919777631759646,0.37793973088264468,0.844612717628479]},{"Name":"Right Arm","CFrame":[-0.5035222768783569,-0.19846397638320924,-0.15204539895057679,0.90813809633255,-0.3622759282588959,0.20986060798168183,0.20561501383781434,0.8225634098052979,0.5301997661590576,-0.36470216512680056,-0.43834421038627627,0.8214906454086304]},{"Name":"Right Leg","CFrame":[0.538428544998169,0.4740346074104309,-0.742326021194458,0.8216255903244019,-0.39029139280319216,0.41545653343200686,-0.12146564573049545,0.5922228097915649,0.7965666055679321,-0.5569357872009277,-0.7049431800842285,0.4391784965991974]},{"Name":"Head","CFrame":[-7.450580596923828e-8,-7.82310962677002e-8,0.016661733388900758,0.49124225974082949,-0.8274303674697876,0.27210310101509097,0.8660229444503784,0.49740272760391238,-0.0509403422474861