[{"Time":0,"Poses":[{"Name":"HumanoidRootPart","CFrame":[0,0,0,1,0,0,0,1,0,0,0,1]},{"Name":"Torso","CFrame":[-0.014233539812266827,-0.3234494924545288,-0.2587771415710449,0.9999988675117493,-0.0014865155098959804,-0.0002934992662630975,0.0010289587080478669,0.8084114789962769,-0.5886168479919434,0.001112256315536797,0.588615894317627,0.8084121346473694]},{"Name":"Left Leg","CFrame":[-0.5524120330810547,-0.022755146026611329,0.09077692031860352,0.3549805283546448,0.9348362684249878,-0.0083606643602252,-0.9301344752311707,0.3522675037384033,-0.10371838510036469,-0.09401455521583557,0.044594600796699527,0.9945715665817261]},{"Name":"Right Arm","CFrame":[0.9058465361595154,-0.24187591671943665,-0.2774883508682251,-0.2900282144546509,-0.9507870674133301,0.10903013497591019,0.6419006586074829,-0.10876451432704926,0.7590348124504089,-0.7098219394683838,0.29012784361839297,0.6418555974960327]},{"Name":"NurbsPath.010","CFrame":[0,0,0,1,0,0,0,1,0,0,0,1]},{"Name":"Head","CFrame":[-0.0017398898489773274,0.0017399126663804055,0.018402099609375,0.9999751448631287,-0.00699300691485405,-0.0009218142367899418,0.007033829111605883,0.9788686633110046,0.20436878502368928,-0.0005268061649985611,-0.2043701857328415,0.9788936376571655]},{"Name":"Left Arm","CFrame":[0.803812563419342,-0.022313058376312257,-0.2089574933052063,0.4523072838783264,-0.8548880219459534,0.2541351616382599,0.6058275699615479,0.5036243796348572,0.6159020662307739,-0.6545160412788391,-0.12461504340171814,0.7457076907157898]},{"Name":"Handle","CFrame":[0,0,0,1,0,0,0,1,0,0,0,1]},{"Name":"Right Leg","CFrame":[-0.30202457308769228,-0.21793723106384278,0.020994067192077638,0.1833009570837021,0.9826794862747192,-0.027236364781856538,-0.9825605750083923,0.18401841819286347,0.02668284811079502,0.031232735142111779,0.021870365366339685,0.999272882938385]}]},{"Time":0.012500000186264515,"Poses":[{"Name":"HumanoidRootPart","CFrame":[0,0,0,1,0,0,0,1,0,0,0,1]},{"Name":"Torso","CFrame":[0.01908964291214943,-0.34441113471984866,-0.3161461353302002,0.9999902248382568,0.0037386841140687467,-0.002370365196838975,-0.004414351657032967,0.8020818829536438,-0.5971977114677429,-0.00033150645322166383,0.5972023010253906,0.802090585231781]},{"Name":"Left Leg","CFrame":[-0.5179248452186585,0.004977047443389893,0.1165696382522583,0.36587563157081606,0.9299114942550659,-0.03741227835416794,-0.9262663125991821,0.35994938015937807,-0.11165671050548554,-0.09036438167095185,0.07550625503063202,0.9930423498153687]},{"Name":"Right Arm","CFrame":[0.8964781165122986,-0.22851204872131349,-0.27397775650024416,-0.3117658197879791,-0.943078875541687,0.11577706784009934,0.6205205917358398,-0.10981102287769318,0.7764637470245361,-0.7195529341697693,0.3139168322086334,0.61943519115448]},{"Name":"NurbsPath.010","CFrame":[0,0,0,1,0,0,0,1,0,0,0,1]},{"Name":"Head","CFrame":[-0.003017640206962824,0.0030178555753082039,0.019679665565490724,0.9997978806495667,-0.01916019432246685,0.006081669125705957,0.017497416585683824,0.9784064888954163,0.20594806969165803,-0.009896262548863888,-0.2058001458644867,0.9785441160202026]},{"Name":"Left Arm","CFrame":[0.8874590396881104,-0.025546789169311525,-0.2192433476448059,0.4443114101886749,-0.8629103302955627,0.24077634513378144,0.6077476143836975,0.4877854585647583,0.6266642808914185,-0.6582022905349731,-0.1321031004190445,0.7411604523658752]},{"Name":"Handle","CFrame":[0,0,0,1,0,0,0,1,0,0,0,1]},{"Name":"Right Leg","CFrame":[-0.31699976325035097,-0.22836291790008546,0.006306171417236328,0.16246356070041657,0.986711323261261,-0.0025080752093344928,-0.9861157536506653,0.16245295107364655,0.034420959651470187,0.034371066838502887,-0.0031189105939120056,0.9994043111801148]}]},{"Time":0.02500000037252903,"Poses":[{"Name":"HumanoidRootPart","CFrame":[0,0,0,1,0,0,0,1,0,0,0,1]},{"Name":"Torso","CFrame":[0.008175029419362545,-0.34024977684020998,-0.3626365661621094,0.9999523758888245,0.00877244584262371,-0.004302088636904955,-0.009590519592165947,0.797121524810791,-0.603742778301239,-0.0018670125864446164,0.6037551760673523,0.7971675395965576]},{"Name":"Left Leg","CFrame":[-0.45412468910217287,0.050632596015930179,0.05112767219543457,0.38596707582473757,0.9224985837936401,0.005079678725451231,-0.9175992012023926,0.3844733238220215,-0.10095556825399399,-0.09508438408374787,0.0343044176697731,0.9948780536651611]},{"Name":"Right Arm","CFrame":[0.8987576365470886,-0.19513636827468873,-0.29415637254714968,-0.3412274122238159,-0.9324405789375305,0.11882094293832779,0.5902118682861328,-0.11415468901395798,0.799136221408844,-0.7315831780433655,0.34281662106513979,0.5892901420593262]},{"Name":"NurbsPath.010","CFrame":[0,0,0,1,0,0,0,1,0,0,0,1]},{"Name":"Head","CFrame":[0.0077749257907271389,-0.007774914614856243,0.008887767791748047,0.9994603395462036,-0.03009961172938347,0.013155056163668633,0.026660926640033723,0.9772459268569946,0.21042771637439729,-0.01918952912092209,-0.20996327698230744,0.9775209426879883]},{"Name":"Left Arm","CFrame":[0.988976776599884,-0.005424410104751587,-0.2494911551475525,0.43153414130210879,-0.8743280172348023,0.2221013307571411,0.6139561533927918,0.46504268050193789,0.6378031969070435,-0.6609358787536621,-0.1388736516237259,0.737480878829956]},{"Name":"Handle","CFrame":[0,0,0,1,0,0,0,1,0,0,0,1]},{"Name":"Right Leg","CFrame":[-0.31057822704315188,-0.26189863681793215,0.05000483989715576,0.13551902770996095,0.9903360605239868,-0.029479149729013444,-0.9903455376625061,0.1362760066986084,0.025386348366737367,0.029158378019928933,0.025754204019904138,0.9992429614067078]}]},{"Time":0.03750000149011612,"Poses":[{"Name":"HumanoidRootPart","CFrame":[0,0,0,1,0,0,0,1,0,0,0,1]},{"Name":"Torso","CFrame":[0.01976693794131279,-0.3850376605987549,-0.4057137966156006,0.999884843826294,0.013855154626071453,-0.006204468198120594,-0.014769915491342545,0.7933967709541321,-0.6085256934165955,-0.0035086136776953937,0.6085472106933594,0.7935099005699158]},{"Name":"Left Leg","CFrame":[-0.44091787934303286,0.1306391954421997,0.14994239807128907,0.4713920056819916,0.8809018731117249,-0.042444150894880298,-0.8779078722000122,0.464114248752594,-0.11779647320508957,-0.08406824618577957,0.09279043227434159,0.9921302795410156]},{"Name":"Right Arm","CFrame":[0.8403919339179993,-0.2155054211616516,-0.26340538263320925,-0.37501704692840578,-0.9193407297134399,0.11905786395072937,0.5526946783065796,-0.11862798780202866,0.8248976469039917,-0.7442384362220764,0.3751532733440399,0.5526021718978882]},{"Name":"NurbsPath.010","CFrame":[0,0,0,1,0,0,0,1,0,0,0,1]},{"Name":"Head","CFrame":[-0.006583806127309799,0.0065838126465678219,0.023245930671691896,0.9990014433860779,-0.03995087370276451,0.020000608637928964,0.034659240394830707,0.975483238697052,0.2173275351524353,-0.028192631900310518,-0.2164173722267151,0.9758939146995544]},{"Name":"Left Arm","CFrame":[1.029730200767517,-0.03689870238304138,-0.22614479064941407,0.4160398542881012,-0.8876914381980896,0.19726848602294923,0.6241939663887024,0.4365333020687103,0.6479356288909912,-0.6612811088562012,-0.14643341302871705,0.7357069253921509]},{"Name":"Handle","CFrame":[0,0,0,1,0,0,0,1,0,0,0,1]},{"Name":"Right Leg","CFrame":[-0.29730287194252016,-0.26009809970855715,-0.006406843662261963,0.14547677338123322,0.9893493056297302,0.0049593485891819,-0.9886759519577026,0.14518758654594422,0.037953659892082217,0.03682946786284447,-0.010424608364701271,0.9992672801017761]}]},{"Time":0.05000000074505806,"Poses":[{"Name":"HumanoidRootPart","CFrame":[0,0,0,1,0,0,0,1,0,0,0,1]},{"Name":"Torso","CFrame":[0.03933677449822426,-0.4328380823135376,-0.47861433029174807,0.999781608581543,0.019223501905798913,-0.008199219591915608,-0.020221732556819917,0.790751576423645,-0.6118032932281494,-0.005277452524751425,0.6118354201316834,0.7909675240516663]},{"Name":"Left Leg","CFrame":[-0.35924941301345827,0.2404627799987793,0.08398652076721192,0.5555186867713928,0.8314555883407593,-0.008989483118057251,-0.8270578384399414,0.5513992309570313,-0.10924431681632996,-0.0858750268816948,0.06812211126089096,0.9939743280410767]},{"Name":"Right Arm","CFrame":[0.8292837738990784,-0.18316543102264405,-0.28733551502227785,-0.40950632095336916,-0.9046765565872192,0.11774986982345581,0.5103400945663452,-0.1201750710606575,0.8515345454216003,-0.7562127113342285,0.4088010787963867,0.5109051465988159]},{"Name":"NurbsPath.010","CFrame":[0,0,0,1,0,0,0,1,0,0,0,1]},{"Name":"Head","CFrame":[0.0067908428609371189,-0.006791063584387302,0.009871125221252442,0.9984586834907532,-0.04883535951375961,0.02636941708624363,0.04162703454494476,0.9731996655464172,0.22616302967071534,-0.03670753911137581,-0.22471670806407929,0.9737325310707092]},{"Name":"Left Arm","CFrame":[1.1112985610961915,-0.014699310064315796,-0.2558692693710327,0.4000142514705658,-0.9014426469802856,0.16549932956695558,0.6384232640266419,0.4036208391189575,0.6553670763969421,-0.6575746536254883,-0.15649761259555818,0.7369558811187744]},{"Name":"Handle","CFrame":[0,0,0,1,0,0,0,1,0,0,0,1]},{"Name":"Right Leg","CFrame":[-0.3038901686668396,-0.27791035175323489,0.037384748458862308,0.14098486304283143,0.9899926781654358,-0.0061555225402116779,-0.9894043207168579,0.14111337065696717,0.03414985164999962,0.03467679023742676,0.0012756850337609649,0.9993978142738342]}]},{"Time":0.0625,"Poses":[{"Name":"HumanoidRootPart","CFrame":[0,0,0,1,0,0,0,1,0,0,0,1]},{"Name":"Torso","CFrame":[0.014239486306905747,-0.460673451423645,-0.5137388706207275,0.9996305108070374,0.02511146292090416,-0.010411793366074562,-0.02621387504041195,0.7890110015869141,-0.6138195991516113,-0.007198889274150133,0.6138657331466675,0.7893776893615723]},{"Name":"Left Leg","CFrame":[-0.3502175509929657,0.35180383920669558,0.07203161716461182,0.6572635173797607,0.7533549666404724,0.02147042006254196,-0.748469889163971,0.6558094024658203,-0.09852420538663864,-0.08830425143241883,0.04868640378117561,0.994903028011322]},{"Name":"Right Arm","CFrame":[0.7837462425231934,-0.18123272061347962,-0.28201860189437868,-0.440713107585907,-0.8900042176246643,0.11689461767673493,0.46663108468055727,-0.11590341478586197,0.8768248558044434,-0.7668294906616211,0.4409748911857605,0.4663839340209961]},{"Name":"NurbsPath.010","CFrame":[0,0,0,1,0,0,0,1,0,0,0,1]},{"Name":"Head","CFrame":[0.006001485511660576,-0.006001123692840338,0.010660886764526368,0.9978679418563843,-0.056855421513319018,0.03204948827624321,0.04770025238394737,0.9704726338386536,0.23644821345806123,-0.044546470046043399,-0.23441529273986817,0.9711154103279114]},{"Name":"Left Arm","CFrame":[1.1457031965255738,-0.023098349571228029,-0.2557741403579712,0.3859451115131378,-0.9138444662094116,0.12623311579227448,0.6567651629447937,0.368272066116333,0.6580539345741272,-0.647847056388855,-0.1710674911737442,0.7423141598701477]},{"Name":"Handle","CFrame":[0,0,0,1,0,0,0,1,0,0,0,1]},{"Name":"Right Leg","CFrame":[-0.2554578185081482,-0.3079336881637573,0.038169026374816897,0.1434784084558487,0.9894900321960449,-0.01798589713871479,-0.9891682863235474,0.14395344257354737,0.0286966972053051,0.0309843011200428,0.013673684559762478,0.9994263648986816]}]},{"Time":0.07500000298023224,"Poses":[{"Name":"HumanoidRootPart","CFrame":[0,0,0,1,0,0,0,1,0,0,0,1]},{"Name":"Torso","CFrame":[-0.020785968750715257,-0.4903484582901001,-0.5356326103210449,0.9994117021560669,0.03175085783004761,-0.01296981330960989,-0.03301256522536278,0.7879849672317505,-0.6148089170455933,-0.009300689212977887,0.6148754358291626,0.788569450378418]},{"Name":"Left Leg","CFrame":[-0.40849336981773379,0.45892035961151125,0.10341405868530274,0.7705872654914856,0.6362586617469788,0.03701785206794739,-0.6313722729682922,0.7700157165527344,-0.09189635515213013,-0.08697422593832016,0.04744211956858635,0.9950803518295288]},{"Name":"Right Arm","CFrame":[0.7191573977470398,-0.1957402229309082,-0.26065003871917727,-0.4642699956893921,-0.8775973320007324,0.11948362737894058,0.42637887597084048,-0.10321672260761261,0.8986364603042603,-0.7763082385063171,0.468155175447464,0.4221093952655792]},{"Name":"NurbsPath.010","CFrame":[0,0,0,1,0,0,0,1,0,0,0,1]},{"Name":"Head","CFrame":[-0.0023021437227725984,0.002302224049344659,0.018964529037475587,0.9972631931304932,-0.06409269571304321,0.036855973303318027,0.05301829054951668,0.9673853516578674,0.2476990520954132,-0.0515296570956707,-0.2450670301914215,0.9681357741355896]},{"Name":"Left Arm","CFrame":[1.1420624256134034,-0.04924079775810242,-0.24006801843643189,0.3766489028930664,-0.9229548573493958,0.07931002229452133,0.6793627142906189,0.33341264724731448,0.653683602809906,-0.6297634840011597,-0.19232915341854096,0.7526007294654846]},{"Name":"Handle","CFrame":[0,0,0,1,0,0,0,1,0,0,0,1]},{"Name":"Right Leg","CFrame":[-0.18027399480342866,-0.3400825262069702,0.01434314250946045,0.15295563638210298,0.9879855513572693,-0.02211875468492508,-0.9878032207489014,0.1535109132528305,0.02606222778558731,0.029144644737243654,0.0178625900298357,0.9994156360626221]}]},{"Time":0.08749999850988388,"Poses":[{"Name":"HumanoidRootPart","CFrame":[0,0,0,1,0,0,0,1,0,0,0,1]},{"Name":"Torso","CFrame":[-0.0196455717086792,-0.5455397367477417,-0.5892543792724609,0.9990965127944946,0.03937120363116264,-0.016002120450139047,-0.04088178649544716,0.7874689102172852,-0.6149970889091492,-0.011612005531787873,0.6150956153869629,0.788366973400116]},{"Name":"Left Leg","CFrame":[-0.4808313548564911,0.5697492361068726,0.06022310256958008,0.8764796257019043,0.47620072960853579,0.07082745432853699,-0.47192561626434328,0.8789132237434387,-0.06926603615283966,-0.09523576498031616,0.027284985408186914,0.9950807690620422]},{"Name":"Right Arm","CFrame":[0.6816864609718323,-0.1819198727607727,-0.2672668695449829,-0.47536107897758486,-0.8702032566070557,0.1295309066772461,0.39557912945747378,-0.07989923655986786,0.9149499535560608,-0.7858429551124573,0.48617127537727358,0.3822152614593506]},{"Name":"NurbsPath.010","CFrame":[0,0,0,1,0,0,0,1,0,0,0,1]},{"Name":"Head","CFrame":[0.003936344757676125,-0.0039360411465168,0.012725830078125,0.9966763854026794,-0.07061006128787995,0.040626347064971927,0.05772264674305916,0.9640345573425293,0.2594330906867981,-0.05748383700847626,-0.2562257647514343,0.9649062156677246]},{"Name":"Left Arm","CFrame":[1.1419954299926758,-0.056355565786361697,-0.24394690990447999,0.387209415435791,-0.9214892983436585,0.030437372624874116,0.6979418396949768,0.3145262897014618,0.6433897614479065,-0.6024501323699951,-0.22788329422473908,0.7649334669113159]},{"Name":"Handle","CFrame":[0,0,0,1,0,0,0,1,0,0,0,1]},{"Name":"Right Leg","CFrame":[-0.12611380219459535,-0.37319469451904299,0.03315114974975586,0.15886496007442475,0.9869066476821899,-0.027881164103746415,-0.9869713187217712,0.1594775915145874,0.02131764404475689,0.02548499032855034,0.024131283164024354,0.9993839859962463]}]},{"Time":0.10000000149011612,"Poses":[{"Name":"HumanoidRootPart","CFrame":[0,0,0,1,0,0,0,1,0,0,0,1]},{"Name":"Torso","CFrame":[-0.020139500498771669,-0.6093698740005493,-0.6242995262145996,0.9986550211906433,0.04803190380334854,-0.019525621086359025,-0.0498962439596653,0.7879171371459961,-0.613756537437439,-0.01409531757235527,0.6139052510261536,0.789253830909729]},{"Name":"Left Leg","CFrame":[-0.678239643573761,0.5971421003341675,0.135359525680542,0.9651731848716736,0.2565639615058899,0.05114421620965004,-0.2517107427120209,0.9640002250671387,-0.08570423722267151,-0.0712917149066925,0.06984587758779526,0.9950070977210999]},{"Name":"Right Arm","CFrame":[0.61139976978302,-0.2011195719242096,-0.23981904983520509,-0.4684639275074005,-0.8703667521476746,0.15166890621185304,0.38078558444976809,-0.044004861265420917,0.9236157536506653,-0.7972100973129273,0.490433931350708,0.35203787684440615]},{"Name":"NurbsPath.010","CFrame":[0,0,0,1,0,0,0,1,0,0,0,1]},{"Name":"Head","CFrame":[-0.006280126050114632,0.006280083209276199,0.022942423820495607,0.9961342215538025,-0.07649222761392594,0.04319149628281593,0.062000978738069537,0.9605339169502258,0.2711654007434845,-0.0622289665043354,-0.267439067363739,0.9615632891654968]},{"Name":"Left Arm","CFrame":[1.0852406024932862,-0.11078536510467529,-0.19866663217544557,0.43010663986206057,-0.9026381373405457,-0.015894662588834764,0.7043115496635437,0.32448577880859377,0.6313906908035278,-0.5647597908973694,-0.28276026248931887,0.7753020524978638]},{"Name":"Handle","CFrame":[0,0,0,1,0,0,0,1,0,0,0,1]},{"Name":"Right Leg","CFrame":[-0.04240042343735695,-0.39392900466918948,0.0019211769104003907,0.17698876559734345,0.9841567277908325,-0.010519067756831646,-0.9834562540054321,0.1772615760564804,0.03731174021959305,0.03858526051044464,0.003741263411939144,0.9992483854293823]}]},{"Time":0.11249999701976776,"Poses":[{"Name":"HumanoidRootPart","CFrame":[0,0,0,1,0,0,0,1,0,0,0,1]},{"Name":"Torso","CFrame":[-0.04866398870944977,-0.6414227485656738,-0.6380524635314941,0.9981005787849426,0.05707294121384621,-0.023195438086986543,-0.05934729799628258,0.7897210121154785,-0.6105888485908508,-0.016530178487300874,0.6108056902885437,0.7916080355644226]},{"Name":"Left Leg","CFrame":[-0.8327222466468811,0.5722832679748535,0.08224844932556153,0.9938835501670837,0.05065658688545227,0.09812977910041809,-0.047468651086091998,0.9982748627662659,-0.03455673158168793,-0.09971106797456742,0.02968732826411724,0.9945735335350037]},{"Name":"Right Arm","CFrame":[0.5754503011703491,-0.19949746131896974,-0.23015737533569337,-0.44790855050086977,-0.875193178653717,0.1827976107597351,0.3888669013977051,-0.006593548692762852,0.9212703704833984,-0.805084228515625,0.4837287962436676,0.34328702092170718]},{"Name":"NurbsPath.010","CFrame":[0,0,0,1,0,0,0,1,0,0,0,1]},{"Name":"Head","CFrame":[-0.00019415095448493958,0.00019422126933932304,0.016855955123901368,0.9956544041633606,-0.08175327628850937,0.044596899300813678,0.06593301147222519,0.9570298790931702,0.28239473700523379,-0.06576734781265259,-0.2782270610332489,0.9582611322402954]},{"Name":"Left Arm","CFrame":[1.0395839214324952,-0.14295494556427003,-0.17387360334396363,0.5035099983215332,-0.8618310689926148,-0.06103135645389557,0.695942223072052,0.36270278692245486,0.6197669506072998,-0.5119982361793518,-0.35453328490257265,0.7824093103408814]},{"Name":"Handle","CFrame":[0,0,0,1,0,0,0,1,0,0,0,1]},{"Name":"Right Leg","CFrame":[0.07841600477695465,-0.4552239179611206,0.021420717239379884,0.1803002655506134,0.9831847548484802,-0.0289777684956789,-0.9833344221115112,0.18087062239646913,0.018420686945319177,0.023352226242423059,0.02517356164753437,0.9994103312492371]}]},{"Time":0.125,"Poses":[{"Name":"HumanoidRootPart","CFrame":[0,0,0,1,0,0,0,1,0,0,0,1]},{"Name":"Torso","CFrame":[-0.07103769481182099,-0.6914184093475342,-0.6237602233886719,0.9974885582923889,0.065639927983284,-0.026608608663082124,-0.06831968575716019,0.7925894856452942,-0.6059162020683289,-0.018682586029171945,0.606212317943573,0.7950833439826965]},{"Name":"Left Leg","CFrame":[-0.9760364294052124,0.4254196286201477,0.10977840423583985,0.9840009808540344,-0.14641453325748444,0.10151354968547821,0.14928168058395387,0.9885672926902771,-0.021206235513091089,-0.09724809974431992,0.036021098494529727,0.9946081042289734]},{"Name":"Right Arm","CFrame":[0.5180022120475769,-0.23965001106262208,-0.17520475387573243,-0.4180576503276825,-0.8821757435798645,0.2167808711528778,0.42088761925697329,0.02337833121418953,0.9068114161491394,-0.8050350546836853,0.47033971548080447,0.3615233600139618]},{"Name":"NurbsPath.010","CFrame":[0,0,0,1,0,0,0,1,0,0,0,1]},{"Name":"Head","CFrame":[-0.005252238363027573,0.005252450238913298,0.021914005279541017,0.9952475428581238,-0.08631400018930435,0.04508179798722267,0.06945595145225525,0.9537020325660706,0.29262375831604006,-0.06825217604637146,-0.28810161352157595,0.95516437292099]},{"Name":"Left Arm","CFrame":[0.9525267481803894,-0.20374667644500733,-0.11873793601989746,0.6030758619308472,-0.7906529903411865,-0.10567602515220642,0.6668983697891235,0.42706751823425295,0.6106223464012146,-0.43765968084335329,-0.43872690200805666,0.7848394513130188]},{"Name":"Handle","CFrame":[0,0,0,1,0,0,0,1,0,0,0,1]},{"Name":"Right Leg","CFrame":[0.21647131443023683,-0.4882999658584595,0.007495403289794922,0.2095821648836136,0.977348804473877,-0.029404787346720697,-0.9775134921073914,0.21014435589313508,0.017514511942863466,0.023297108709812166,0.0250728540122509,0.9994141459465027]}]},{"Time":0.13750000298023225,"Poses":[{"Name":"HumanoidRootPart","CFrame":[0,0,0,1,0,0,0,1,0,0,0,1]},{"Name":"Torso","CFrame":[-0.05638907104730606,-0.7693791389465332,-0.6247620582580566,0.99690842628479,0.07287245243787766,-0.02938275970518589,-0.07589491456747055,0.7962619066238403,-0.6001724600791931,-0.020339667797088624,0.6005469560623169,0.7993308305740356]},{"Name":"Left Leg","CFrame":[-1.0245003700256348,0.23828333616256715,0.08058583736419678,0.9418200254440308,-0.3188260495662689,0.1064191609621048,0.3205651640892029,0.9472262263298035,0.0008045724825933576,-0.10105955600738526,0.033356472849845889,0.9943211078643799]},{"Name":"Right Arm","CFrame":[0.484444260597229,-0.2677856683731079,-0.13033771514892579,-0.3715311884880066,-0.893299400806427,0.25294429063796999,0.4740006923675537,0.051754821091890338,0.8790022730827332,-0.7983032464981079,0.44647249579429629,0.4041960537433624]},{"Name":"NurbsPath.010","CFrame":[0,0,0,1,0,0,0,1,0,0,0,1]},{"Name":"Head","CFrame":[0.0021232329308986665,-0.0021231756545603277,0.01453864574432373,0.9949196577072144,-0.09007427096366883,0.0449613593518734,0.0724567100405693,0.9507520794868469,0.30136463046073916,-0.06989235430955887,-0.2965759038925171,0.9524484276771545]},{"Name":"Left Arm","CFrame":[0.8736903667449951,-0.24211138486862184,-0.08435237407684326,0.7194846868515015,-0.6782503128051758,-0.1493927538394928,0.6085488796234131,0.5120179057121277,0.6062226295471191,-0.3346790075302124,-0.5270808339118958,0.7811375856399536]},{"Name":"Handle","CFrame":[0,0,0,1,0,0,0,1,0,0,0,1]},{"Name":"Right Leg","CFrame":[0.3364262878894806,-0.5160485506057739,0.031057000160217286,0.2402452528476715,0.9702673554420471,-0.029384620487689973,-0.9703807830810547,0.24084435403347016,0.01884966343641281,0.025366390123963357,0.023985683917999269,0.9993904829025269]}]},{"Time":0.15000000596046449,"Poses":[{"Name":"HumanoidRootPart","CFrame":[0,0,0,1,0,0,0,1,0,0,0,1]},{"Name":"Torso","CFrame":[-0.05122312903404236,-0.8427578210830689,-0.5923824310302734,0.9964739084243774,0.07790252566337586,-0.031160658225417138,-0.08115095645189285,0.8005059361457825,-0.5938053131103516,-0.021314632147550584,0.594240128993988,0.8040051460266113]},{"Name":"Left Leg","CFrame":[-0.9522450566291809,0.029903113842010499,0.11747252941131592,0.9025222659111023,-0.4201022982597351,0.0946972519159317,0.4237672686576843,0.9055120348930359,-0.02166544832289219,-0.07664783298969269,0.059683118015527728,0.9952703714370728]},{"Name":"Right Arm","CFrame":[0.41591015458106997,-0.3343367278575897,-0.04669082164764404,-0.29897627234458926,-0.9094950556755066,0.28884589672088625,0.5440353155136108,0.0862269476056099,0.8346200585365295,-0.7839890122413635,0.4066738784313202,0.46901771426200869]},{"Name":"NurbsPath.010","CFrame":[0,0,0,1,0,0,0,1,0,0,0,1]},{"Name":"Head","CFrame":[-0.006638962775468826,0.006639003288000822,0.023301005363464357,0.994673490524292,-0.0929248258471489,0.04460463672876358,0.0747830718755722,0.9483956098556519,0.30814501643180849,-0.07093711197376251,-0.3031679689884186,0.9502931833267212]},{"Name":"Left Arm","CFrame":[0.7483534812927246,-0.3114897608757019,-0.017343461513519288,0.8358777761459351,-0.5149492621421814,-0.19009332358837129,0.5118612051010132,0.6061403155326843,0.6087626218795776,-0.19825871288776399,-0.6061527132987976,0.7702420353889465]},{"Name":"Handle","CFrame":[0,0,0,1,0,0,0,1,0,0,0,1]},{"Name":"Right Leg","CFrame":[0.4835352301597595,-0.5147445201873779,0.016691923141479493,0.28719812631607058,0.9575685262680054,-0.024080660194158555,-0.956317663192749,0.28807294368743899,0.04970608279109001,0.05453404784202576,0.008753268979489804,0.9984735250473023]}]},{"Time":0.16249999403953553,"Poses":[{"Name":"HumanoidRootPart","CFrame":[0,0,0,1,0,0,0,1,0,0,0,1]},{"Name":"Torso","CFrame":[-0.0705944299697876,-0.8709002733230591,-0.5464515686035156,0.9963052868843079,0.07985381036996842,-0.03160986304283142,-0.08316164463758469,0.8051064610481262,-0.5872714519500732,-0.021446550264954568,0.5877304077148438,0.8087725043296814]},{"Name":"Left Leg","CFrame":[-0.7862977385520935,-0.05978715419769287,0.07813727855682373,0.881070613861084,-0.46240028738975527,0.09950191527605057,0.4630154073238373,0.8861629366874695,0.018218060955405237,-0.09659899026155472,0.030019553378224374,0.994870662689209]},{"Name":"Right Arm","CFrame":[0.37334758043289187,-0.3699343800544739,0.004855990409851074,-0.18874701857566834,-0.9288361668586731,0.31880709528923037,0.6236227750778198,0.13741084933280946,0.7695536613464356,-0.7585968971252441,0.3440663516521454,0.5533076524734497]},{"Name":"NurbsPath.010","CFrame":[0,0,0,1,0,0,0,1,0,0,0,1]},{"Name":"Head","CFrame":[-0.0002601221203804016,0.00026025809347629547,0.016922473907470704,0.9945096373558044,-0.09475749731063843,0.04440287873148918,0.07626383751630783,0.9468505382537842,0.31250298023223879,-0.07165490090847016,-0.3074006736278534,0.9488785266876221]},{"Name":"Left Arm","CFrame":[0.641228199005127,-0.34584760665893557,0.01610088348388672,0.9276937246322632,-0.2987324297428131,-0.22392721474170686,0.3721073567867279,0.6910989284515381,0.6196114420890808,-0.03034226782619953,-0.6581346392631531,0.7522887587547302]},{"Name":"Handle","CFrame":[0,0,0,1,0,0,0,1,0,0,0,1]},{"Name":"Right Leg","CFrame":[0.6756846904754639,-0.5351624488830566,0.0311506986618042,0.3268592357635498,0.944486141204834,-0.033303119242191318,-0.944599449634552,0.32760804891586306,0.02012483961880207,0.029918046668171884,0.02488010749220848,0.9992427229881287]}]},{"Time":0.17499999701976777,"Poses":[{"Name":"HumanoidRootPart","CFrame":[0,0,0,1,0,0,0,1,0,0,0,1]},{"Name":"Torso","CFrame":[-0.08179943263530731,-0.8876803517341614,-0.500859260559082,0.9963628649711609,0.07934047281742096,-0.0310834851115942,-0.08260355889797211,0.8097443580627441,-0.580939531326294,-0.020922331139445306,0.5813942551612854,0.8133530616760254]},{"Name":"Left Leg","CFrame":[-0.5970038175582886,-0.1069568395614624,0.030646324157714845,0.8646290898323059,-0.49344202876091006,0.09450740367174149,0.4904352128505707,0.8697785139083862,0.054394666105508807,-0.10904117673635483,-0.0006814123480580747,0.9940370917320252]},{"Name":"Right Arm","CFrame":[0.3291758894920349,-0.3938862979412079,0.0421900749206543,-0.028045035898685457,-0.942801296710968,0.3321731984615326,0.6987857818603516,0.219126895070076,0.6809419393539429,-0.7147809863090515,0.2512151002883911,0.6526707410812378]},{"Name":"NurbsPath.010","CFrame":[0,0,0,1,0,0,0,1,0,0,0,1]},{"Name":"Head","CFrame":[0.008150789886713028,-0.008150972425937653,0.00851142406463623,0.9944359660148621,-0.0955902561545372,0.04426822066307068,0.07698468863964081,0.9462955594062805,0.31400325894355776,-0.07190654426813126,-0.30884838104248049,0.9483893513679504]},{"Name":"Left Arm","CFrame":[0.5277657508850098,-0.36803799867630007,0.03853285312652588,0.9682935476303101,-0.04216322302818298,-0.246231347322464,0.1947290599346161,0.744814932346344,0.6382250189781189,0.1564871221780777,-0.6659376621246338,0.7294099926948547]},{"Name":"Handle","CFrame":[0,0,0,1,0,0,0,1,0,0,0,1]},{"Name":"Right Leg","CFrame":[0.8812991976737976,-0.5303854942321777,0.042984843254089358,0.3742988705635071,0.9267522692680359,-0.03210010007023811,-0.9272871613502502,0.3738328516483307,-0.019694192335009576,-0.006251521408557892,0.03713748976588249,0.9992906451225281]}]},{"Time":0.1875,"Poses":[{"Name":"HumanoidRootPart","CFrame":[0,0,0,1,0,0,0,1,0,0,0,1]},{"Name":"Torso","CFrame":[-0.10298721492290497,-0.8772428035736084,-0.42191553115844729,0.9965246915817261,0.07763484120368958,-0.030187340453267099,-0.08084471523761749,0.814140260219574,-0.5750129818916321,-0.02006431296467781,0.5754551291465759,0.8175871968269348]},{"Name":"Left Leg","CFrame":[-0.38313591480255129,-0.1378253698348999,0.08043313026428223,0.8624553084373474,-0.4978257119655609,0.09132488816976547,0.49652937054634097,0.867186427116394,0.03803267329931259,-0.09812935441732407,0.012544061057269574,0.9950945973396301]},{"Name":"Right Arm","CFrame":[0.23332883417606355,-0.44845518469810488,0.10622978210449219,0.19176313281059266,-0.9303385615348816,0.3125653564929962,0.7442068457603455,0.3454625904560089,0.5716745853424072,-0.6398305296897888,0.1229870393872261,0.758611261844635]},{"Name":"NurbsPath.010","CFrame":[0,0,0,1,0,0,0,1,0,0,0,1]},{"Name":"Head","CFrame":[-0.005981147289276123,0.005981610156595707,0.022643566131591798,0.9944543838500977,-0.09563346207141876,0.04375826567411423,0.07724031805992127,0.9465233683586121,0.3132532835006714,-0.07137581706047058,-0.3081362545490265,0.9486610293388367]},{"Name":"Left Arm","CFrame":[0.359979510307312,-0.4236795902252197,0.0951242446899414,0.9403608441352844,0.22667613625526429,-0.2536524534225464,-0.002299500862136483,0.7498629689216614,0.6615889668464661,0.34017103910446169,-0.6215491890907288,0.7056632041931152]},{"Name":"Handle","CFrame":[0,0,0,1,0,0,0,1,0,0,0,1]},{"Name":"Right Leg","CFrame":[1.0922260284423829,-0.4244849681854248,0.011539220809936524,0.4589099586009979,0.8878582119941711,-0.033309370279312137,-0.8884424567222595,0.45892423391342165,-0.007667670026421547,0.008478756062686444,0.033112164586782458,0.9994157552719116]}]},{"Time":0.20000000298023225,"Poses":[{"Name":"HumanoidRootPart","CFrame":[0,0,0,1,0,0,0,1,0,0,0,1]},{"Name":"Torso","CFrame":[-0.09694042056798935,-0.848109245300293,-0.36789584159851076,0.9967742562294006,0.07484231889247894,-0.028980432078242303,-0.07799340784549713,0.8181405067443848,-0.569704532623291,-0.01892795041203499,0.570127010345459,0.8213384747505188]},{"Name":"Left Leg","CFrame":[-0.2102455347776413,-0.1227196455001831,0.043221473693847659,0.8473295569419861,-0.5246196389198303,0.08250461518764496,0.5214438438415527,0.8513150811195374,0.057958271354436877,-0.10064347088336945,-0.006088186986744404,0.9949039220809937]},{"Name":"Right Arm","CFrame":[0.17289528250694276,-0.43974569439888,0.101654052734375,0.46164754033088686,-0.8533580303192139,0.24220198392868043,0.7211083769798279,0.5200332999229431,0.4577861428260803,-0.5166085362434387,-0.036682114005088809,0.8554356098175049]},{"Name":"NurbsPath.010","CFrame":[0,0,0,1,0,0,0,1,0,0,0,1]},{"Name":"Head","CFrame":[0.0010597407817840577,-0.0010597091168165207,0.01560211181640625,0.9945619106292725,-0.09494666010141373,0.04279889166355133,0.07702905684709549,0.9471908807754517,0.3112812936306,-0.07009387761354447,-0.3062916696071625,0.9493536353111267]},{"Name":"Left Arm","CFrame":[0.22628521919250489,-0.4213583171367645,0.09398150444030762,0.8455432653427124,0.4737884998321533,-0.24613243341445924,-0.19400373101234437,0.7021371722221375,0.6851027011871338,0.4974125027656555,-0.5315334796905518,0.6856042742729187]},{"Name":"Handle","CFrame":[0,0,0,1,0,0,0,1,0,0,0,1]},{"Name":"Right Leg","CFrame":[1.2874802350997925,-0.275970458984375,0.020430922508239747,0.5550511479377747,0.8316061496734619,-0.018694592639803888,-0.831510603427887,0.5540979504585266,-0.03956834599375725,-0.02254655957221985,0.037507202476263049,0.9990420341491699]}]},{"Time":0.21250000596046449,"Poses":[{"Name":"HumanoidRootPart","CFrame":[0,0,0,1,0,0,0,1,0,0,0,1]},{"Name":"Torso","CFrame":[-0.044758010655641559,-0.8420404195785523,-0.3354220390319824,0.9970917701721191,0.07106995582580567,-0.0275165643543005,-0.07415946573019028,0.8215935230255127,-0.565229594707489,-0.017563410103321077,0.5656263828277588,0.8244746327400208]},{"Name":"Left Leg","CFrame":[-0.033044204115867618,-0.12417483329772949,0.02558434009552002,0.819054126739502,-0.567320704460144,0.08542604744434357,0.5655533075332642,0.823428213596344,0.04599466174840927,-0.09643598645925522,0.010640864260494709,0.9952823519706726]},{"Name":"Right Arm","CFrame":[0.09973686188459397,-0.41296058893203738,0.08223533630371094,0.7335215210914612,-0.6693423390388489,0.11801286041736603,0.5929408669471741,0.7150747776031494,0.37025558948516848,-0.33221572637557986,-0.20161586999893189,0.921403169631958]},{"Name":"NurbsPath.010","CFrame":[0,0,0,1,0,0,0,1,0,0,0,1]},{"Name":"Head","CFrame":[0.005031701177358627,-0.005031578708440065,0.011630535125732422,0.9947642087936401,-0.09343105554580689,0.04141305387020111,0.07622525095939636,0.9482288360595703,0.30830490589141848,-0.06807427108287811,-0.30353400111198428,0.9503857493400574]},{"Name":"Left Arm","CFrame":[0.0798487514257431,-0.41054224967956545,0.0786975622177124,0.7030489444732666,0.6737728118896484,-0.2274918258190155,-0.35920020937919619,0.6125418543815613,0.7041077017784119,0.6137567758560181,-0.4133070409297943,0.6726662516593933]},{"Name":"Handle","CFrame":[0,0,0,1,0,0,0,1,0,0,0,1]},{"Name":"Right Leg","CFrame":[1.3977851867675782,-0.05022847652435303,0.05859506130218506,0.6590379476547241,0.7510830163955689,-0.03928593546152115,-0.7517240643501282,0.6594735383987427,-0.0024253169540315868,0.02408648282289505,0.031130483373999597,0.9992250800132752]}]},{"Time":0.22499999403953553,"Poses":[{"Name":"HumanoidRootPart","CFrame":[0,0,0,1,0,0,0,1,0,0,0,1]},{"Name":"Torso","CFrame":[-0.02829223871231079,-0.790177583694458,-0.2747483253479004,0.9974566102027893,0.06642641127109528,-0.025843368843197824,-0.06945416331291199,0.8243496417999268,-0.5618039965629578,-0.01601465605199337,0.5621699690818787,0.826866626739502]},{"Name":"Left Leg","CFrame":[0.11088257282972336,-0.10148382186889649,0.04484212398529053,0.795636773109436,-0.5987257361412048,0.09213880449533463,0.5981802940368652,0.8005297780036926,0.036505211144685748,-0.09561648964881897,0.026070723310112954,0.9950768351554871]},{"Name":"Right Arm","CFrame":[0.00382048636674881,-0.3848879039287567,0.07171070575714112,0.9238068461418152,-0.3815124034881592,-0.03208032622933388,0.36945411562919619,0.8663493394851685,0.336069256067276,-0.10042181611061096,-0.3223153054714203,0.9412908554077148]},{"Name":"NurbsPath.010","CFrame":[0,0,0,1,0,0,0,1,0,0,0,1]},{"Name":"Head","CFrame":[0.00033674202859401703,-0.00033666123636066914,0.016325831413269044,0.995063066482544,-0.09099549055099487,0.03961579501628876,0.07471007853746414,0.9495638012886047,0.3045441210269928,-0.06532981991767883,-0.3000810146331787,0.9516740441322327]},{"Name":"Left Arm","CFrame":[-0.08689723908901215,-0.4076104760169983,0.06157565116882324,0.5383629202842712,0.8176773190498352,-0.2038852572441101,-0.48710647225379946,0.49936801195144656,0.7164906859397888,0.6876720190048218,-0.28641825914382937,0.6671371459960938]},{"Name":"Handle","CFrame":[0,0,0,1,0,0,0,1,0,0,0,1]},{"Name":"Right Leg","CFrame":[1.3800874948501588,0.2884374260902405,0.05140078067779541,0.817221999168396,0.5735185146331787,-0.05678584426641464,-0.5738173127174377,0.8188877701759338,0.0125245600938797,0.05368436872959137,0.022349340841174127,0.9983078241348267]}]},{"Time":0.23749999701976777,"Poses":[{"Name":"HumanoidRootPart","CFrame":[0,0,0,1,0,0,0,1,0,0,0,1]},{"Name":"Torso","CFrame":[-0.044290363788604739,-0.6994059681892395,-0.20265412330627442,0.997847855091095,0.061022140085697177,-0.02400183491408825,-0.0639902874827385,0.8262590169906616,-0.5596439838409424,-0.014318943955004216,0.5599753856658936,0.828385591506958]},{"Name":"Left Leg","CFrame":[0.18722358345985413,-0.06406629085540772,0.05523252487182617,0.7660427689552307,-0.6369326710700989,0.08657483756542206,0.635417103767395,0.7706973552703857,0.04765505716204643,-0.09707607328891754,0.018505316227674485,0.995104968547821]},{"Name":"Right Arm","CFrame":[-0.09314315021038056,-0.3400927782058716,0.05058753490447998,0.9849255084991455,-0.05564326047897339,-0.16378523409366609,0.11178915202617645,0.9273109436035156,0.35720792412757876,0.13200367987155915,-0.3701326847076416,0.9195525646209717]},{"Name":"NurbsPath.010","CFrame":[0,0,0,1,0,0,0,1,0,0,0,1]},{"Name":"Head","CFrame":[-0.001984361559152603,0.0019844952039420606,0.01864612102508545,0.9954566359519959,-0.0875568613409996,0.037415191531181338,0.0723731517791748,0.9511204361915588,0.3002201318740845,-0.06187266856431961,-0.29614830017089846,0.9531359076499939]},{"Name":"Left Arm","CFrame":[-0.2474450320005417,-0.3924654722213745,0.024903535842895509,0.3732125759124756,0.9100816249847412,-0.18017734587192536,-0.5770814418792725,0.3797932267189026,0.7230035662651062,0.7264222502708435,-0.16585716605186463,0.6669347882270813]},{"Name":"Handle","CFrame":[0,0,0,1,0,0,0,1,0,0,0,1]},{"Name":"Right Leg","CFrame":[1.1877951622009278,0.5977460145950317,0.03327012062072754,0.9613295197486877,0.2738516628742218,-0.029168449342250825,-0.2744555175304413,0.9614092707633972,-0.019145505502820016,0.02279982529580593,0.026410570368170739,0.9993911981582642]}]},{"Time":0.25,"Poses":[{"Name":"HumanoidRootPart","CFrame":[0,0,0,1,0,0,0,1,0,0,0,1]},{"Name":"Torso","CFrame":[-0.05917252600193024,-0.607354998588562,-0.15120458602905274,0.998245120048523,0.054969169199466708,-0.022026007995009424,-0.05788211524486542,0.8271690607070923,-0.5589644312858582,-0.012506570667028427,0.5592584013938904,0.828899085521698]},{"Name":"Left Leg","CFrame":[0.21976743638515473,-0.028698205947875978,0.015178203582763672,0.7227523922920227,-0.6884663105010986,0.06035963445901871,0.6842925548553467,0.725125789642334,0.07704708725214005,-0.09681268781423569,-0.014382345601916314,0.9951987266540527]},{"Name":"Right Arm","CFrame":[-0.17425282299518586,-0.2658977508544922,0.00260317325592041,0.9392495155334473,0.23479679226875306,-0.25036168098449709,-0.1165546402335167,0.9042556285858154,0.4107758104801178,0.3228398263454437,-0.3566402196884155,0.8766883015632629]},{"Name":"NurbsPath.010","CFrame":[0,0,0,1,0,0,0,1,0,0,0,1]},{"Name":"Head","CFrame":[0.006783079355955124,-0.006782746873795986,0.009878993034362793,0.9959380030632019,-0.0830395445227623,0.03481196239590645,0.0691138356924057,0.9528220295906067,0.29555651545524599,-0.05771259590983391,-0.29194992780685427,0.9546908736228943]},{"Name":"Left Arm","CFrame":[-0.3797348141670227,-0.3498326241970062,-0.04414093494415283,0.2212836593389511,0.9621332287788391,-0.1591648906469345,-0.6346883177757263,0.26599958539009097,0.7255444526672363,0.7404081225395203,-0.059531234204769137,0.6695161461830139]},{"Name":"Handle","CFrame":[0,0,0,1,0,0,0,1,0,0,0,1]},{"Name":"Right Leg","CFrame":[0.9461040496826172,0.7238916158676148,0.0733330249786377,0.9983245134353638,-0.050698474049568179,0.027889305725693704,0.05228473246097565,0.996861457824707,-0.05944499373435974,-0.02478799782693386,0.060803577303886417,0.9978418946266174]}]},{"Time":0.26249998807907107,"Poses":[{"Name":"HumanoidRootPart","CFrame":[0,0,0,1,0,0,0,1,0,0,0,1]},{"Name":"Torso","CFrame":[-0.03453195095062256,-0.5661882162094116,-0.1326766014099121,0.9986316561698914,0.04839983209967613,-0.019805535674095155,-0.051185015588998798,0.8269919753074646,-0.5598788857460022,-0.01071902271360159,0.560126543045044,0.8283377885818481]},{"Name":"Left Leg","CFrame":[0.30309244990348818,-0.02891850471496582,0.02990412712097168,0.6688038110733032,-0.7402653098106384,0.06862115114927292,0.7370234131813049,0.6723018288612366,0.06933090835809708,-0.09745743125677109,0.004206666722893715,0.9952307939529419]},{"Name":"Right Arm","CFrame":[-0.2821919322013855,-0.20969799160957337,-0.02802938222885132,0.8402235507965088,0.4564529359340668,-0.2927032709121704,-0.28851285576820376,0.8333832621574402,0.47141551971435549,0.4591129720211029,-0.3116457462310791,0.8319208025932312]},{"Name":"NurbsPath.010","CFrame":[0,0,0,1,0,0,0,1,0,0,0,1]},{"Name":"Head","CFrame":[0.004817623645067215,-0.004817546345293522,0.011844515800476075,0.9964974522590637,-0.0773453563451767,0.03179130703210831,0.06481573730707169,0.9545904994010925,0.2907852232456207,-0.05283857509493828,-0.2877061069011688,0.9562600255012512]},{"Name":"Left Arm","CFrame":[-0.5227589011192322,-0.32569217681884768,-0.09712505340576172,0.08886456489562988,0.9858735799789429,-0.1419735997915268,-0.6674067974090576,0.1647430956363678,0.7262423634529114,0.7393722534179688,0.03021695651113987,0.6726185083389282]},{"Name":"Handle","CFrame":[0,0,0,1,0,0,0,1,0